tp>=0.999:  28046 fp>=0.999:  10431
207163	1.0	1.0	0.0228661452505
207163	1.0	0.999999661118	0.0228661528222
207163	1.0	0.999996724145	0.0228662184441
207163	1.0	0.999990850197	0.0228663496889
207163	1.0	0.999978650461	0.0228666222792
207163	1.0	0.999958656448	0.0228670690385
207163	1.0	0.999934031053	0.0228676193084
207163	1.0	0.99990330579	0.0228683059209
207163	1.0	0.999864560329	0.0228691718181
207163	1.0	0.999814631777	0.0228702877358
207163	1.0	0.999754536777	0.0228716310209
207163	1.0	0.999680886514	0.0228732775179
207163	1.0	0.999596956843	0.0228751541064
207163	1.0	0.999510090199	0.0228770966871
207163	1.0	0.999402777699	0.0228794969499
207163	1.0	0.999283152502	0.022882173205
207163	1.0	0.999142629608	0.0228853177833
207163	1.0	0.998988212569	0.0228887742773
207163	1.0	0.998815157043	0.0228926492189
207162	0.999995172883	0.998624027833	0.0228968223837
207162	0.999995172883	0.998419908163	0.0229013962686
207161	0.999990345766	0.998197488888	0.0229062742499
207161	0.999990345766	0.997962869875	0.0229115360841
207161	0.999990345766	0.997712888231	0.0229171451189
207158	0.999975864416	0.997437603429	0.0229230007246
207156	0.999966210182	0.997160850141	0.0229290006322
207154	0.999956555949	0.996867152773	0.0229353846903
207149	0.999932420365	0.996558996459	0.0229417730228
207147	0.999922766131	0.996236494157	0.0229488128263
207142	0.999898630547	0.995907553106	0.0229556772641
207142	0.999898630547	0.995552179291	0.0229636833863
207139	0.999884149197	0.995179183634	0.0229717674573
207137	0.999874494963	0.994799862188	0.0229801086163
207136	0.999869667846	0.994399417124	0.022989041538
207134	0.999860013612	0.993978413243	0.0229983377518
207133	0.999855186496	0.993556505679	0.0230077706334
207130	0.999840705145	0.993102178444	0.023017728307
207128	0.999831050912	0.992665811932	0.0230273964516
207127	0.999826223795	0.992205045947	0.0230377350285
207123	0.999806915328	0.991729143251	0.0230481005289
207119	0.99978760686	0.991221498647	0.023059197137
207116	0.99977312551	0.990729781478	0.0230700513495
207115	0.999768298393	0.990213890756	0.0230816842993
207113	0.999758644159	0.989694498258	0.023093299996
207111	0.999748989926	0.989154659904	0.0231053941592
207108	0.999734508575	0.988609738327	0.0231175083079
207105	0.999720027225	0.98803906175	0.0231302244873
207103	0.999710372991	0.987468385173	0.0231430641934
207101	0.999700718758	0.986882233004	0.023156273117
207095	0.999671756057	0.9862887384	0.0231692287313
207094	0.99966692894	0.985683157021	0.0231830240271
207086	0.999628312006	0.985082545904	0.0231959556781
207073	0.999565559487	0.984450983604	0.0232090681168
207072	0.99956073237	0.983817275053	0.0232235610941
207071	0.999555905253	0.983190231174	0.0232379184618
207067	0.999536596786	0.982539691505	0.0232525077913
207061	0.999507634085	0.981889377757	0.0232668912815
207061	0.999507634085	0.981227316114	0.0232822246032
207057	0.999488325618	0.980565480393	0.0232971333287
207048	0.999444881567	0.979880939606	0.0233120394758
207042	0.999415918866	0.979181375068	0.0233276456972
207036	0.999386956165	0.978470062637	0.0233435474602
207029	0.999353166347	0.977745081981	0.0233596805656
207024	0.999329030763	0.977030719615	0.0233758095194
207016	0.999290413829	0.976304157512	0.0233919159493
207010	0.999261451128	0.97556494383	0.0234085631625
207008	0.999251796894	0.974818613635	0.0234258441126
207002	0.999222834193	0.974052515349	0.0234431731648
206995	0.999189044376	0.973287659627	0.0234603889532
206991	0.999169735908	0.972533874038	0.0234777025287
206986	0.999145600324	0.971759755553	0.0234954115579
206981	0.99912146474	0.970982700095	0.0235132176294
206971	0.999073193572	0.970176274901	0.0235311920662
206965	0.999044230871	0.969384082732	0.023549302544
206958	0.999010441054	0.96858240188	0.0235675562169
206947	0.998957342769	0.967764793593	0.0235857733385
206940	0.998923552951	0.966941424319	0.0236046033881
206933	0.998889763133	0.966109018204	0.0236236805556
206925	0.998851146199	0.965268930772	0.0236428620151
206920	0.998827010615	0.964432232156	0.023662329907
206911	0.998783566564	0.963602763014	0.0236812103992
206897	0.998715986928	0.962737146504	0.0237004322728
206885	0.998658061526	0.961874241046	0.0237198465814
206876	0.998614617475	0.960991002694	0.0237401214318
206866	0.998566346307	0.960071504013	0.0237611966768
206862	0.99854703784	0.959135964937	0.0237833731156
206839	0.998436014153	0.958200990664	0.0238034436444
206830	0.998392570102	0.957258448035	0.0238253106978
206826	0.998373261635	0.956311951788	0.0238478788837
206815	0.99832016335	0.955348963305	0.0238701043433
206801	0.998252583714	0.954371515874	0.0238923886473
206796	0.99822844813	0.953381190943	0.0239160488813
206788	0.998189831196	0.952384540222	0.0239395733808
206773	0.998117424444	0.951378061936	0.0239625958542
206758	0.998045017691	0.950374746545	0.0239855880905
206741	0.997962956706	0.949374819969	0.0240083175168
206725	0.997885722837	0.948357158591	0.0240316458617
206706	0.997794007617	0.947330573331	0.0240549036365
206684	0.997687811047	0.946296532677	0.0240780548179
206665	0.997596095828	0.945254132943	0.0241018049793
206650	0.997523689076	0.944229242091	0.0241256255705
206625	0.997403011155	0.943192038542	0.0241486639083
206608	0.99732095017	0.942157320124	0.0241726030183
206599	0.997277506118	0.941109272365	0.0241978423291
206585	0.997209926483	0.940040100987	0.0242230956667
206562	0.997098902796	0.938971381451	0.0242473629663
206535	0.996968570642	0.937826187639	0.0242731568396
206506	0.996828584255	0.936674780998	0.0242989400557
206484	0.996722387685	0.935518065212	0.0243257246624
206453	0.996572747064	0.934358977255	0.0243515987132
206429	0.99645689626	0.933212540878	0.0243780197366
206404	0.99633621834	0.932063280487	0.0244044611058
206371	0.996176923485	0.930919442201	0.0244299036103
206351	0.996080381149	0.929785770363	0.0244566495987
206322	0.995940394762	0.928628602735	0.0244830218914
206299	0.995829371075	0.927504871423	0.0245092920131
206271	0.995694211804	0.926352787019	0.024535776836
206258	0.995631459286	0.925213693075	0.0245637322849
206235	0.995520435599	0.924070645513	0.0245906946336
206211	0.995404584796	0.922934036701	0.0246174383161
206198	0.995341832277	0.921768284073	0.0246462888568
206175	0.99523080859	0.920625462432	0.02467344411
206153	0.99512461202	0.919476653883	0.0247009390654
206123	0.994979798516	0.918312256782	0.0247279746438
206095	0.994844639245	0.917138709878	0.0247555525072
206055	0.994651554573	0.915947315211	0.0247822629452
206019	0.994477778368	0.914771847978	0.0248090899829
205989	0.994332964863	0.913601125087	0.0248365642686
205951	0.994149534425	0.912431870683	0.0248631267074
205921	0.99400472092	0.911268490226	0.0248905423409
205890	0.993855080299	0.910099574704	0.0249180562778
205852	0.99367164986	0.908927270365	0.0249449030188
205823	0.993531663473	0.90775338458	0.024972924755
205787	0.993357887268	0.906588309715	0.0249999514062
205748	0.993169629712	0.905421653403	0.0250267329463
205712	0.992995853507	0.904227208802	0.025054688991
205676	0.992822077301	0.903044286174	0.0250824053773
205640	0.992648301096	0.901837077033	0.0251108521278
205600	0.992455216424	0.900641841708	0.0251385708698
205552	0.992223514817	0.89946727816	0.0251648431158
205513	0.992035257261	0.898280853756	0.0251925823509
205474	0.991846999706	0.897088555404	0.0252205543455
205450	0.991731148902	0.89591286225	0.0252499399938
205417	0.991571854047	0.894717288044	0.0252788690574
205378	0.991383596492	0.893527135942	0.0253070035085
205339	0.991195338936	0.892343535552	0.0253350300755
205295	0.990982945796	0.891158240753	0.0253625744295
205265	0.990838132292	0.889962779507	0.025392161156
205225	0.99064504762	0.888774208853	0.0254204264166
205178	0.990418173129	0.88755796287	0.0254486929355
205139	0.990229915574	0.886369166295	0.025477234749
205103	0.990056139369	0.885187260312	0.0255060216212
205065	0.98987270893	0.883994284197	0.0255349526825
205031	0.989708586958	0.882799839596	0.0255644876423
204986	0.989491366702	0.881552642429	0.0255942549085
204952	0.98932724473	0.88027483296	0.0256263131091
204914	0.989143814291	0.878961666846	0.0256589800169
204878	0.988970038086	0.877659683823	0.025691667883
204825	0.988714200895	0.876346969551	0.0257226775747
204785	0.988521116222	0.87501923153	0.02575580202
204735	0.988279760382	0.873687313968	0.0257879179759
204685	0.988038404541	0.872353137196	0.0258201950167
204642	0.987830838518	0.871035452661	0.0258529534159
204601	0.987632926729	0.8697335826	0.0258855968486
204565	0.987459150524	0.86841488142	0.0259194423756
204525	0.987266065852	0.867078897279	0.0259533979631
204471	0.987005401544	0.865756807284	0.0259853167856
204423	0.986773699937	0.864423760117	0.0260183961438
204377	0.986551652563	0.863097377621	0.0260516277981
204332	0.986334432307	0.861757100981	0.0260854934008
204288	0.986122039167	0.860407900459	0.026119850488
204246	0.985919300261	0.859064686845	0.026154384963
204209	0.985740696939	0.857711758626	0.0261899384538
204146	0.98543658858	0.856337819749	0.0262229760931
204081	0.985122825987	0.854982519359	0.0262553097656
204035	0.984900778614	0.8536511666	0.0262894096334
203995	0.984707693941	0.852303434565	0.0263248600909
203937	0.984427721166	0.850956154372	0.0263581415078
203884	0.984171883975	0.84961350556	0.026392016274
203825	0.983887084084	0.848267242012	0.026425348213
203771	0.983626419776	0.84690719728	0.0264598350583
203734	0.983447816454	0.845519251298	0.0264974339365
203682	0.98319680638	0.844157851039	0.0265324391315
203629	0.982940969189	0.842757479399	0.0265686237925
203585	0.982728576049	0.841361965061	0.0266059215867
203543	0.982525837143	0.839964756316	0.0266436475786
203495	0.982294135536	0.838545068426	0.0266814268188
203438	0.982018989878	0.837112503036	0.0267185808648
203382	0.981748671336	0.835680502448	0.0267559698786
203322	0.981459044327	0.834260927519	0.0267925830131
203270	0.981208034253	0.832844402524	0.026830250193
203215	0.980942542829	0.831429120094	0.0268676177348
203169	0.980720495455	0.830013498783	0.0269062803437
203103	0.980401905746	0.828591212801	0.0269427012425
203048	0.980136414321	0.827151756819	0.0269812118291
202996	0.979885404247	0.825702134389	0.0270205658511
202950	0.979663356874	0.824238956697	0.0270612664673
202897	0.979407519683	0.822765273675	0.0271015354202
202826	0.979064794389	0.821257815456	0.0271406882307
202780	0.978842747016	0.819785375001	0.0271821125131
202714	0.978524157306	0.818295425664	0.0272216363626
202633	0.978133160844	0.816796891326	0.0272596170015
202564	0.977800089784	0.81529417745	0.0272994434829
202506	0.977520117009	0.813753734757	0.0273420912745
202463	0.977312550986	0.812176918776	0.027388063467
202382	0.976921554525	0.810565762794	0.0274303314012
202312	0.976583656348	0.808910778129	0.0274756644968
202226	0.976168524302	0.807273641226	0.0275184701807
202160	0.975849934593	0.805670844323	0.0275629553662
202090	0.975512036416	0.804082732289	0.0276065921958
202029	0.97521758229	0.802471237426	0.0276523790088
201965	0.974908646814	0.800831502431	0.0276988953906
201878	0.974488687652	0.799203515332	0.0277421286702
201816	0.974189406409	0.797561972969	0.0277893404521
201752	0.973880470934	0.795838873106	0.0278392473612
201685	0.973557054107	0.794078835151	0.0278902235491
201621	0.973248118631	0.792280616539	0.0279431338841
201552	0.972915047571	0.790460935426	0.0279963429402
201483	0.972581976511	0.788636735893	0.028049947877
201405	0.9722054614	0.786820330635	0.0281023043597
201326	0.971824119172	0.785024371233	0.0281540489048
201236	0.971389678659	0.783209547424	0.0282051871441
201156	0.971003509314	0.78141957493	0.0282570493019
201091	0.970689746721	0.779628246909	0.0283112438963
200999	0.970245651975	0.777842566915	0.0283617801522
200912	0.969825692812	0.776079817908	0.0284124150171
200827	0.969415387883	0.774316617058	0.0284635666432
200730	0.968947157552	0.77254505713	0.0285135900859
200654	0.968580296675	0.770754745754	0.0285674177619
200575	0.968198954446	0.768968049115	0.0286209435529
200498	0.967827266452	0.767194568858	0.0286745107372
200420	0.967450751341	0.765453960114	0.0287269827237
200330	0.967016310828	0.763714029133	0.0287779891551
200241	0.966586697431	0.761975679599	0.0288293048478
200157	0.966181219619	0.760238233749	0.0288815170527
200073	0.965775741807	0.758474806979	0.0289349252341
199994	0.965394399579	0.756713526458	0.0289892003292
199917	0.965022711585	0.754945581267	0.0290442536349
199818	0.96454482702	0.753196274562	0.0290957497385
199732	0.964129694974	0.751450469633	0.0291491901705
199628	0.963627674826	0.749726127205	0.0291995060183
199513	0.963072556393	0.747982129645	0.0292492292707
199396	0.962507783726	0.746230337808	0.0292991915965
199291	0.962000936461	0.744473349788	0.0293512981798
199177	0.961450645144	0.742733418807	0.0294017007719
199080	0.960982414813	0.741004783878	0.0294543401506
198977	0.960485221782	0.73923322395	0.0295080192492
198871	0.9599735474	0.737473524877	0.0295610561243
198781	0.959539106887	0.735720603435	0.0296163893813
198682	0.959061222323	0.733967794954	0.0296706719978
198579	0.958564029291	0.732194314697	0.0297254416963
198466	0.958018565091	0.7304123624	0.0297793504769
198361	0.957511717826	0.728638995103	0.0298343432229
198253	0.95699038921	0.726864724122	0.0298891953061
198154	0.956512504646	0.725098360378	0.0299453121836
198034	0.955933250629	0.723328607818	0.0299987472371
197929	0.955426403364	0.72159579335	0.0300531554682
197817	0.954885766281	0.719856991974	0.0301070290523
197715	0.954393400366	0.718106216783	0.0301631248152
197604	0.9538575904	0.71638097067	0.0302171092048
197475	0.953234892331	0.714666116925	0.0302682458626
197366	0.952708736599	0.712939515286	0.0303230871578
197257	0.952182580866	0.711233020621	0.0303773557593
197154	0.951685387835	0.709517376153	0.030433157777
197040	0.951135096518	0.707818336882	0.0304868803059
196938	0.950642730603	0.706100772085	0.0305434364367
196847	0.950203462974	0.704403992025	0.0306010441357
196745	0.949711097059	0.702683603215	0.0306582600906
196649	0.949247693845	0.700981401049	0.030715886059
196542	0.948731192346	0.699286767239	0.0307717936341
196434	0.94820986373	0.697600266587	0.0308274659077
196320	0.947659572414	0.695902131	0.0308829872683
196195	0.947056182813	0.694236076203	0.0309357075911
196101	0.946602433832	0.692571151011	0.030993374469
195981	0.946023179815	0.690885554043	0.0310482214536
195870	0.945487369849	0.689202555167	0.0311046016294
195774	0.945023966635	0.687499562278	0.0311644426021
195661	0.944478502435	0.685808995047	0.0312213972868
195562	0.944000617871	0.684120235184	0.0312807159621
195459	0.943503424839	0.682415999729	0.0313403880834
195362	0.943035194509	0.680708601379	0.0314014270337
195264	0.942562137061	0.679026845069	0.0314614584084
195156	0.942040808446	0.677338424088	0.0315205165362
195034	0.941451900195	0.675617696396	0.031579129737
194935	0.94097401563	0.673909281402	0.0316410905175
194824	0.940438205664	0.672207192197	0.0317011786732
194705	0.939863778764	0.670532439439	0.0317590471813
194586	0.939289351863	0.668844244379	0.0318178176247
194473	0.938743887663	0.667164634319	0.0318774333481
194354	0.938169460763	0.665465369127	0.03193730131
194236	0.937599860979	0.66377355933	0.0319972799116
194104	0.93696268156	0.662110893348	0.0320539539001
193977	0.936349637725	0.660410385591	0.0321134886188
193840	0.935688322722	0.658728855202	0.0321708200173
193717	0.935094587354	0.657027895602	0.0322316146589
193599	0.93452498757	0.655298131068	0.0322948979803
193478	0.933940906436	0.653524086008	0.0323601439596
193357	0.933356825302	0.651700225356	0.032428134493
193222	0.932705164532	0.649866311218	0.0324947054964
193065	0.931947307193	0.648024038	0.0325584611272
192923	0.931261856606	0.646213732611	0.0326234644153
192809	0.930711565289	0.644343671104	0.0326963495416
192684	0.930108175688	0.64252353815	0.0327653756683
192565	0.929533748787	0.640698209011	0.0328360311177
192446	0.928959321887	0.638895697898	0.0329059433011
192318	0.928341450935	0.637116682575	0.0329735726891
192197	0.927757369801	0.635332584029	0.0330429905989
192091	0.927245695419	0.633545209626	0.033115455264
191962	0.92662299735	0.631754446409	0.0331846470572
191837	0.926019607748	0.629962666546	0.0332549444621
191710	0.925406563913	0.628165577539	0.0333255687823
191586	0.924808001429	0.626373797676	0.0333968198187
191467	0.924233574528	0.624593878669	0.033468699537
191345	0.923644666277	0.622804245057	0.0335409767156
191204	0.922964042807	0.62101167447	0.0336105855661
191072	0.922326863388	0.61921402066	0.0336823875939
190943	0.921704165319	0.617449238364	0.0337533730304
190819	0.921105602834	0.615672143369	0.0338262648265
190690	0.920482904766	0.613911653573	0.0338978230128
190540	0.919758837244	0.612156134039	0.0339658993352
190416	0.919160274759	0.61041676786	0.0340379770413
190293	0.918566539392	0.608649500432	0.0341121393132
190150	0.917876261688	0.606886412543	0.0341830221747
190013	0.917214946684	0.605116321102	0.0342557350994
189893	0.916635692667	0.603345325976	0.034331881301
189760	0.915993686131	0.601604830192	0.0344045034799
189605	0.915245483025	0.599821183487	0.0344760684936
189458	0.914535896854	0.598055723427	0.0345484438265
189343	0.913980778421	0.596304044552	0.0346261137549
189213	0.913353253235	0.594552139755	0.0347015859479
189087	0.912745036517	0.592767928247	0.0347800319829
188956	0.912112684215	0.590978181674	0.0348583636847
188811	0.911412752277	0.589210349443	0.0349334046762
188676	0.910761091508	0.587430430436	0.0350113713288
188537	0.910090122271	0.585661242679	0.0350884604698
188422	0.909535003838	0.583883582882	0.0351708189457
188300	0.908946095587	0.582116993217	0.0352517551929
188166	0.908299261934	0.580327811446	0.0353323237454
188027	0.907628292697	0.578564384676	0.0354109481332
187911	0.907068347147	0.57678683784	0.0354950686654
187765	0.906363588092	0.574999350477	0.0355748059931
187631	0.90571675444	0.573233325614	0.0356559390301
187485	0.905011995385	0.571437027331	0.0357371797621
187356	0.904389297317	0.569655752797	0.0358211420757
187185	0.903563860342	0.567883515106	0.0358973001801
187036	0.902844619937	0.566087894585	0.0359794352662
186907	0.902221921868	0.564281994657	0.0360664323047
186774	0.901579915332	0.562486713018	0.0361525680413
186638	0.900923427446	0.560685331511	0.0362390584113
186499	0.900252458209	0.558862600464	0.0363268648442
186351	0.899538044921	0.557077146391	0.0364111872699
186210	0.898857421451	0.555278362976	0.0364982031186
186086	0.898258858966	0.553438236008	0.0365916223067
185918	0.897447903342	0.551585344501	0.0366781023928
185752	0.896646601951	0.549744087928	0.0367647815592
185593	0.895879090378	0.547883741027	0.036854603107
185441	0.895145368623	0.546027912546	0.0369460684746
185279	0.894363375699	0.544157625118	0.0370371628996
185116	0.893576555659	0.542257967953	0.0371306114328
184936	0.892707674633	0.540346224012	0.0372222061206
184736	0.891742251271	0.538450181584	0.0373094976075
184546	0.890825099077	0.536504549485	0.0374026683648
184353	0.889893465532	0.53453813265	0.0374973151261
184171	0.889014930272	0.532564034498	0.0375953248711
183977	0.888078469611	0.530572314505	0.0376928826121
183813	0.887286822454	0.528562520827	0.0377983348523
183632	0.886413114311	0.526557810373	0.0379008409383
183443	0.885500789234	0.524524294985	0.038004521768
183270	0.884665698025	0.52248287236	0.0381127423456
183067	0.883685793313	0.520424957499	0.03821692883
182876	0.882763814002	0.5183033329	0.0383288683808
182678	0.881808044873	0.516201589355	0.0384388618033
182502	0.880958472314	0.514066635414	0.0385565922177
182292	0.879944777784	0.511919820619	0.0386692034325
182093	0.878984181538	0.509732678915	0.0387879379148
181907	0.878086337811	0.507535709646	0.0389110626589
181694	0.87705816193	0.505342016232	0.0390294094271
181495	0.876097565685	0.503126182556	0.039153315881
181292	0.875117660972	0.500896228813	0.0392785173428
181079	0.874089485091	0.498673391583	0.0394021750956
180890	0.873177160014	0.496459704156	0.0395312458341
180679	0.872158638367	0.494189988309	0.0396611181477
180493	0.87126079464	0.491901633974	0.0397988942314
180253	0.870102286605	0.489571371284	0.0399297160086
180041	0.869078937841	0.487191631884	0.0400716406802
179811	0.867968700975	0.484798563142	0.0402121137508
179605	0.866974314911	0.482364263808	0.0403624247074
179401	0.865989583082	0.479852021711	0.0405209602194
179210	0.865067603771	0.477300808233	0.0406871291224
178969	0.863904268619	0.474753322451	0.0408437731212
178748	0.862837475804	0.472154665552	0.0410107172815
178559	0.861925150727	0.469591591218	0.0411835350737
178325	0.860795605393	0.467029420569	0.0413481071227
178109	0.859752948162	0.464511530446	0.0415146656374
177908	0.858782697683	0.462069775717	0.04167976666
177684	0.857701423517	0.459616160133	0.0418424092283
177466	0.856649112052	0.457169096259	0.0420075254034
177249	0.855601627704	0.454752418767	0.0421718895469
177015	0.85447208237	0.452344326275	0.0423332897282
176795	0.853410116671	0.44991838602	0.042501198986
176577	0.852357805207	0.447499336357	0.0426707026262
176381	0.851411690311	0.445151564786	0.0428405363708
176176	0.850422131365	0.442803341372	0.0430100491705
175960	0.849379474134	0.440428798156	0.0431811946339
175767	0.848447840589	0.438047929151	0.0433601601716
175564	0.847467935877	0.435664687975	0.0435388685162
175354	0.846454241346	0.433302118575	0.0437158115748
175123	0.845339177363	0.430978520556	0.0438858016377
174924	0.844378581117	0.42861030313	0.0440696643531
174719	0.843389022171	0.426242537545	0.0442540009802
174502	0.842341537823	0.423864266632	0.0444384571348
174312	0.841424385629	0.421524063416	0.0446276764202
174100	0.840401036865	0.419185554608	0.0448133502085
173877	0.839324589816	0.416903977905	0.0449924467898
173661	0.838281932584	0.414591562978	0.0451783932704
173437	0.837200658419	0.41225734667	0.0453666446334
173217	0.83613869272	0.409913528717	0.0455589870485
173002	0.835100862606	0.407574229186	0.0457542406814
172799	0.834120957893	0.405259216167	0.0459520845693
172594	0.833131398947	0.402924999859	0.0461537062768
172413	0.832257690804	0.400514083354	0.0463722127668
172215	0.831301921675	0.398141234546	0.0465846321974
172008	0.830302708495	0.395786346461	0.0467951441958
171773	0.829168336045	0.393451113508	0.0469985427614
171537	0.828029136477	0.391115089832	0.0472041105774
171305	0.826909245377	0.388763477603	0.0474149241107
171072	0.82578452716	0.386385093729	0.0476310862779
170837	0.824650154709	0.384004224724	0.0478495876528
170632	0.823660595763	0.381642220126	0.0480764977345
170433	0.822699999517	0.379273663818	0.0483085365404
170230	0.821720094805	0.376872348958	0.0485463057838
170004	0.820629166405	0.374484250479	0.0487790881509
169804	0.819663743043	0.37210270371	0.0490210597942
169597	0.818664529863	0.369694837139	0.0492674245928
169376	0.817597737048	0.367275561555	0.0495144614992
169190	0.816699893321	0.364887576037	0.0497703720526
168968	0.815628273389	0.362506707031	0.0500184570498
168729	0.814474592471	0.360078733487	0.0502711254387
168498	0.813359528487	0.357666574416	0.0505272438036
168292	0.812365142424	0.355211942187	0.0507996265461
168078	0.811332139426	0.352772333708	0.0510712696989
167855	0.810255692377	0.350360965361	0.051339999841
167618	0.809111665693	0.34791232004	0.0516134555008
167379	0.807957984775	0.34541013143	0.0518976650562
167139	0.806799476741	0.342927936832	0.0521826685316
166904	0.80566510429	0.340461443748	0.0524708493535
166681	0.804588657241	0.337998113559	0.0527661878019
166426	0.803357742454	0.335489825081	0.0530627470986
166199	0.802261986938	0.332968094299	0.053374135997
165975	0.801180712772	0.330412701282	0.0536961627019
165750	0.80009461149	0.327835506882	0.0540260752819
165520	0.798984374623	0.325281017548	0.054355839624
165306	0.797951371625	0.322713989596	0.054697602393
165089	0.796903887277	0.320135778552	0.055045464715
164866	0.795827440228	0.317540962311	0.0553995453545
164658	0.794823399931	0.314988280345	0.05575694202
164427	0.793708335948	0.312307049302	0.0561342932405
164196	0.792593271965	0.309628303389	0.0565174425269
163953	0.791420282579	0.306926174648	0.0569071207398
163706	0.790227984727	0.304164628671	0.057312623124
163465	0.789064649575	0.301450977956	0.0577185521017
163241	0.78798337541	0.298783641057	0.0581287113623
163016	0.786897274127	0.296040620605	0.0585596459465
162753	0.785627742406	0.293190739496	0.059005506354
162456	0.784194088713	0.290365483782	0.059443241028
162215	0.783030753561	0.287524752475	0.0599116329729
161957	0.781785357424	0.284687184064	0.0603823065678
161686	0.780477208768	0.281718694402	0.0608839365833
161415	0.779169060112	0.278779009675	0.0613897437692
161161	0.777942972442	0.275845650737	0.0619105644521
160864	0.776509318749	0.272851857918	0.0624393031006
160565	0.775066010822	0.269803392205	0.0629903806923
160310	0.773835096035	0.266715390307	0.0635785469302
160081	0.772729686286	0.263650319396	0.0641842599591
159817	0.771455327447	0.260525944209	0.0648039342103
159518	0.770012019521	0.257388126719	0.0654275794322
159263	0.768781104734	0.254309952387	0.0660683321026
158996	0.767492264545	0.250976035424	0.0667826221365
158705	0.766087573553	0.247584621554	0.0675201075523
158432	0.764769770664	0.24424189367	0.0682714102266
158150	0.763408523723	0.240856014866	0.0690501597126
157798	0.761709378605	0.237402133824	0.0698395528796
157535	0.760439846884	0.233920238573	0.0706958380397
157243	0.759030328775	0.230352380361	0.0715888934619
156941	0.757572539498	0.22675899307	0.0725115380582
156674	0.756283699309	0.22300474999	0.0735262854335
156385	0.754888662551	0.219151892371	0.0745947931275
156081	0.75342121904	0.215318351002	0.0756859480007
155747	0.751808962025	0.211303282068	0.076861199571
155456	0.750404271033	0.207111542871	0.0781601474553
155143	0.748893383471	0.202933471898	0.0794935751536
154868	0.747565926348	0.198656221583	0.0809343287857
154599	0.746267431926	0.194249066664	0.0824872026627
154306	0.7448530867	0.18963270885	0.084179551329
154023	0.743487012642	0.184868033866	0.0860177762141
153694	0.741898891211	0.179949054803	0.0879900613722
153405	0.740503854453	0.175016633437	0.0900916508786
153102	0.739041238059	0.169971816349	0.0923523482585
152846	0.737805496155	0.165032956233	0.0947103930104
152564	0.736444249214	0.160388358288	0.0970245976599
152282	0.735083002274	0.156627789419	0.0989581201063
152017	0.733803816319	0.153437106403	0.100650713547
151793	0.732722542153	0.15073881832	0.10213284476
151574	0.731665403571	0.148336712736	0.10348135207
151334	0.730506895536	0.146209440111	0.104680512563
151095	0.729353214618	0.144194789131	0.105838396022
150850	0.728170571	0.142373526571	0.106892341662
150598	0.726954137563	0.140615634866	0.107923139931
150350	0.725757012594	0.138981096056	0.108893960387
150117	0.724632294377	0.137453869745	0.109819100653
149897	0.723570328678	0.135990466132	0.110725357944
149676	0.722503535863	0.134578120676	0.111611134269
149484	0.721576729435	0.133236827391	0.112479994101
149261	0.720500282386	0.131964440026	0.113291425553
149063	0.719544513258	0.130731701807	0.114103422804
148841	0.718472893326	0.129489023061	0.114920758948
148619	0.717401273393	0.128287913789	0.115719216667
148384	0.716266900943	0.127139670042	0.116479460432
148188	0.715320786048	0.12611895873	0.117174768221
147937	0.714109179728	0.12499353301	0.117928735927
147684	0.712887919175	0.123933963277	0.118638076907
147451	0.711763200958	0.12291664078	0.119336607885
147227	0.710681926792	0.121896607231	0.12005447125
147011	0.709639269561	0.12087408855	0.120791213631
146836	0.708794524119	0.119967354408	0.121466003234
146633	0.707814619406	0.119024021056	0.122162506217
146451	0.706936084146	0.118123951585	0.122844984864
146227	0.705854809981	0.117257544351	0.123474689407
145989	0.704705956179	0.116359169288	0.124132283968
145796	0.703774322635	0.115538511067	0.124759331107
145586	0.702760628104	0.114651883899	0.125444721035
145407	0.701896574195	0.113855738112	0.126075579278
145157	0.700689794992	0.112981423642	0.126736817475
144954	0.69970989028	0.112239498907	0.127312218562
144765	0.698797565202	0.11144109391	0.127961821386
144564	0.697827314723	0.110652177597	0.128600899007
144381	0.696943952347	0.109905734441	0.12921873238
144182	0.695983356101	0.10913873247	0.129852866081
143973	0.694974488688	0.108335809052	0.13052477172
143785	0.694066990727	0.107598515699	0.131152759649
143567	0.693014679262	0.10685997978	0.13176591306
143376	0.692092699951	0.10610404794	0.132427185183
143182	0.69115623929	0.105412164719	0.133024390561
142960	0.690084619358	0.104679841629	0.133650694524
142739	0.689017826542	0.103984682553	0.134244163573
142513	0.687926898143	0.103269303542	0.134863540011
142335	0.687067671351	0.102637967162	0.135434220179
142129	0.686073285287	0.10185989506	0.136157277947
141956	0.685238194079	0.101212631246	0.136764949574
141726	0.684127957212	0.100484148814	0.137427674621
141538	0.683220459252	0.0998416293426	0.138031852904
141313	0.682134357969	0.0991243300029	0.138701799915
141107	0.681139971906	0.0985415666495	0.139232787448
140922	0.680246955296	0.0979409555331	0.139809258115
140754	0.679435999672	0.0973832694165	0.140353431307
140560	0.67849953901	0.0967130746161	0.141021563578
140395	0.677703064736	0.0961770769205	0.141553330907
140241	0.676959688748	0.0956214240934	0.142125009121
140049	0.67603288232	0.09504509949	0.142696011004
139871	0.675173655527	0.0944630138998	0.143292979647
139684	0.674270984684	0.0938860115333	0.143881898264
139500	0.67338279519	0.0933172552851	0.144469011656
139296	0.672398063361	0.0927602469317	0.145028996221
139060	0.671258863793	0.0921101591049	0.145692047704
138882	0.670399637001	0.0915887333171	0.146240069076
138721	0.669622471194	0.0910662908847	0.146810399842
138528	0.66869083765	0.0905448650969	0.147356104203
138312	0.667648180418	0.0899094621385	0.14804618469
138123	0.666735855341	0.0893831790481	0.148615075732
137937	0.665838011614	0.0888785843787	0.149161717571
137753	0.664949822121	0.0883465403015	0.149755287252
137574	0.664085768212	0.0878263570795	0.150342596741
137382	0.663158961784	0.0872995091865	0.150933736462
137188	0.662222501122	0.0867679169514	0.151536373015
137011	0.661368101447	0.0862738276109	0.152105492788
136779	0.660248210346	0.0857446075469	0.15268137604
136594	0.659355193736	0.0852045432724	0.153324802443
136413	0.658481485593	0.0846380462347	0.154019943908
136222	0.657559506282	0.0840720010392	0.15471298675
136053	0.656743723541	0.0835997130803	0.155288244237
135836	0.655696239193	0.0830170626874	0.155997597493
135628	0.654692198897	0.0824322660446	0.156727973634
135440	0.653784700936	0.082005162296	0.15723186476
135276	0.652993053779	0.0815666495343	0.157782580652
135112	0.652201406622	0.0811167277595	0.158357262573
134975	0.651540091619	0.0806915443398	0.158923312952
134812	0.650753271578	0.0802542741439	0.159488923723
134636	0.64990369902	0.0797651550666	0.160134353193
134473	0.649116878979	0.0793417790153	0.160687954229
134300	0.648281787771	0.078926536122	0.161222747893
134139	0.647504621964	0.0784711922419	0.16184392936
133963	0.646655049406	0.0780440884933	0.162406953907
133814	0.645935809001	0.0776227457315	0.162992809821
133635	0.645071755091	0.0771138585621	0.163708797166
133480	0.644323551986	0.0767110413266	0.164267711574
133323	0.643565694646	0.0762983965253	0.164847434239
133129	0.642629233985	0.0757560730403	0.165630509187
132971	0.641866549529	0.0753556279758	0.166199623032
132815	0.641113519306	0.074964558635	0.166758741917
132680	0.640461858537	0.0745560933732	0.167377529176
132535	0.639761926599	0.0741618611376	0.167964829215
132355	0.638893045573	0.0737393887706	0.168574172381
132197	0.638130361117	0.0733491101535	0.169151319653
132056	0.637449737646	0.0729720479179	0.169726445019
131886	0.636629127788	0.0725827859455	0.170299417899
131723	0.635842307748	0.0721955572625	0.17088130558
131577	0.635137548694	0.0718077637769	0.171488114943
131388	0.634225223616	0.0714319441071	0.172030114566
131249	0.633554254379	0.0710662908847	0.172611109796
131060	0.632641929302	0.0706769159517	0.173190721227
130881	0.631777875393	0.070299401874	0.17376267397
130723	0.631015190937	0.0699295691121	0.174347312896
130552	0.630189753962	0.0695523939159	0.174938193025
130412	0.629513957608	0.0691854981277	0.175547559723
130260	0.628780235853	0.0688101303	0.17616700838
130062	0.627824466724	0.0684244830644	0.176762707257
129925	0.627163151721	0.0680574743156	0.177392840661
129771	0.626419775732	0.0676903526063	0.178009903842
129620	0.625690881094	0.0673164532654	0.178650925024
129469	0.624961986455	0.0669596109639	0.179260604869
129314	0.624213783349	0.0665871801099	0.179905869194
129159	0.623465580244	0.066219719519	0.180546255901
128992	0.622659451736	0.0658722529412	0.181133940708
128813	0.621795397827	0.0654974499161	0.181775205711
128653	0.621023059137	0.0651459167594	0.182391577718
128471	0.620144523877	0.0647822968264	0.183015986529
128319	0.619410802122	0.0644212749855	0.183675485029
128140	0.618546748213	0.0640836359734	0.184254799051
127975	0.617750273939	0.0637306343298	0.184892221452
127796	0.61688622003	0.063387460252	0.185495752188
127631	0.616089745756	0.063041462161	0.186128347783
127454	0.61523534608	0.0627085674911	0.186720891427
127290	0.614443698923	0.0623781579527	0.187328366951
127136	0.613700322934	0.0620401800591	0.187972014738
126983	0.612961774062	0.0617113519681	0.188600191299
126815	0.612150818438	0.0613821849955	0.189216812641
126611	0.611166086608	0.0610349443387	0.189840943305
126453	0.610403402152	0.0607159438134	0.190455606597
126287	0.609602100761	0.0603830491435	0.191101587835
126145	0.608916650174	0.0600635967761	0.191748484116
125998	0.608207064003	0.0597356723693	0.192417118065
125816	0.607328528743	0.0594070701993	0.193050453718
125654	0.60654653582	0.0590859234241	0.193694978273
125495	0.605779024247	0.0587631952014	0.194353458623
125331	0.60498737709	0.058445437242	0.194998506367
125151	0.604118496063	0.0581164961904	0.195659718965
124942	0.60310962865	0.0577807775073	0.196309244173
124797	0.602409696712	0.05745488639	0.197019378774
124639	0.601647012256	0.0571271879042	0.197724813838
124464	0.600802266814	0.0568200482341	0.198357855012
124254	0.599788572284	0.0564822962616	0.199038239742
124111	0.59909829458	0.0561654419863	0.199752464093
123890	0.598031501764	0.0558142477111	0.200471201986
123732	0.597268817308	0.0554910676464	0.2011984227
123565	0.596462688801	0.0551742133711	0.201902605053
123401	0.595671041644	0.0548244875828	0.202714445998
123191	0.594657347113	0.0544889948208	0.20343217799
123016	0.593812601671	0.0542030917296	0.204055024658
122861	0.593064398565	0.0539023908095	0.204754683021
122683	0.592205171773	0.053621570942	0.205369817334
122519	0.591413524616	0.0533265180483	0.206052808611
122369	0.590689457094	0.0530341762071	0.206752587596
122183	0.589791613367	0.0527422862081	0.207409029489
122034	0.589072372962	0.0524602237748	0.208090770506
121899	0.588420712193	0.0521564729205	0.208866355278
121755	0.587725607372	0.0518855935793	0.209532250293
121601	0.586982231383	0.0515953979882	0.210252491108
121404	0.586031289371	0.0512776400287	0.211010051326
121245	0.585263777798	0.0509974979244	0.21170474308
121115	0.584636252613	0.0507262797016	0.212416495229
120931	0.583748063119	0.0504120235184	0.213202846912
120779	0.583014341364	0.0501456625982	0.213881328349
120617	0.582232348441	0.0498743314149	0.214568690551
120456	0.581455182634	0.0496086482579	0.215244521321
120331	0.580851793033	0.0493445465482	0.215971685025
120197	0.58020495938	0.0490790893122	0.216697285087
120067	0.579577434194	0.0488144228	0.217432325735
119912	0.578829231089	0.0485528062219	0.21812770927
119758	0.5780858551	0.0482919803675	0.218828000804
119594	0.577294207943	0.0480215528684	0.219554553599
119412	0.576415672683	0.0477607270139	0.220227545595
119240	0.575585408591	0.0475087120806	0.220889262677
119093	0.57487582242	0.047251500963	0.221612076056
118977	0.57431587687	0.0469902232665	0.222401465516
118828	0.573596636465	0.0467339158331	0.223131479475
118667	0.572819470658	0.046483030505	0.223830316977
118539	0.572201599707	0.0462281915585	0.224598839291
118393	0.571496840652	0.0459715452435	0.22535465954
118214	0.570632786743	0.0457216765601	0.226042694446
118081	0.569990780207	0.045470565311	0.226810163345
117934	0.569281194036	0.045224876167	0.227542668833
117801	0.5686391875	0.0449754593257	0.228317307972
117645	0.567886157277	0.0447286405766	0.229054227705
117501	0.567191052456	0.0444881476168	0.229790804144
117331	0.566370442598	0.0442491231439	0.230488770325
117213	0.565800842815	0.0440042247237	0.231295644744
117049	0.565009195658	0.0437715260402	0.23199013761
116913	0.564352707771	0.0435337441331	0.232754398748
116768	0.563652775834	0.043302626897	0.233484166515
116639	0.563030077765	0.0430615691347	0.23428636853
116500	0.562359108528	0.042823674267	0.235067180788
116323	0.561504708852	0.0425985439388	0.235742238561
116187	0.560848220966	0.0423678785448	0.236510569867
116032	0.56010001786	0.0421438778219	0.237227493626
115886	0.559395258806	0.0419137772305	0.237991185664
115744	0.558709808219	0.0416765601261	0.238799072401
115609	0.558058147449	0.0414429577584	0.23960960768
115453	0.557305117227	0.0412240402591	0.240329312337
115306	0.556595531055	0.0410089634177	0.241052464335
115159	0.555885944884	0.0407821386816	0.241834649687
115023	0.555229456998	0.0405589286824	0.242625143173
114880	0.554539179294	0.0403379778936	0.243401175479
114730	0.553815111772	0.0401173659865	0.24417132216
114570	0.553042773082	0.0398917838161	0.244955293574
114419	0.552313878444	0.0396658627643	0.245762693662
114273	0.551609119389	0.039440506515	0.246583057489
114153	0.551029865372	0.0392280277657	0.247392317278
113976	0.550175465696	0.0390042529638	0.248169365532
113816	0.549403127006	0.0387880465171	0.248945193824
113667	0.548683886601	0.0385755677678	0.249728119377
113515	0.547950164846	0.0383676074396	0.250490985723
113375	0.547274368492	0.0381527565192	0.251314482808
113239	0.546617880606	0.0379394870463	0.252144269479
113095	0.545922775785	0.0377274601391	0.252961977977
112941	0.545179399796	0.0375316995476	0.253688263147
112793	0.544464986508	0.0373259984298	0.254481338005
112666	0.543851942673	0.0371172473779	0.255332553733
112530	0.543195454787	0.0369126758654	0.256154607846
112383	0.542485868616	0.0367081043529	0.256965293005
112270	0.541940404416	0.0364947219194	0.257887422619
112117	0.541201855544	0.0362869875122	0.258719796563
111977	0.54052605919	0.0360910009997	0.259519604708
111843	0.539879225537	0.0358886886977	0.260370664388
111700	0.539188947833	0.0356831005405	0.261231553591
111551	0.538469707428	0.0354840640938	0.262054270941
111400	0.53774081279	0.0352885294234	0.262861700295
111253	0.537031226619	0.0351011279109	0.26363832404
111106	0.536321640447	0.0348920379773	0.26454250428
110958	0.535607227159	0.0346906293596	0.265410393674
110809	0.534887986754	0.0344943039655	0.266255781823
110660	0.534168746349	0.0342998989003	0.267097910959
110512	0.533454333061	0.0341041383089	0.267957247881
110362	0.53273026554	0.0339116535727	0.26880190954
110225	0.532068950537	0.0337224446917	0.269658330846
110079	0.531364191482	0.0335208101529	0.270579386324
109946	0.530722184946	0.0333352160088	0.271437423929
109805	0.530041561476	0.0331434090357	0.272325724433
109631	0.529201643151	0.0329549908784	0.273141988689
109495	0.528545155264	0.032763522787	0.274053346482
109360	0.527893494495	0.0325793971297	0.274929985369
109248	0.527352857412	0.0323857827882	0.275915019144
109097	0.526623962773	0.0321861815389	0.276874857244
108972	0.526020573172	0.0320063483816	0.277768006668
108824	0.525306159884	0.031823239369	0.278647220288
108670	0.524562783895	0.0316360637775	0.279549202152
108533	0.523901468892	0.0314515992386	0.280473843753
108406	0.523288425057	0.0312664569366	0.281430021521
108283	0.522694689689	0.0310775869372	0.282426800069
108137	0.521989930634	0.0309032888457	0.283293993131
107984	0.521251381762	0.0307252630568	0.284180386543
107827	0.520493524423	0.030547463189	0.285065815737
107692	0.519841863653	0.0303675170712	0.286015536817
107534	0.519079179197	0.0301858765454	0.286941741226
107394	0.518403382843	0.0300102229276	0.287870177771
107250	0.517708278023	0.0298396525334	0.288764438222
107116	0.51706144437	0.0296669358893	0.289700795409
106983	0.516419437834	0.029491847074	0.290664123631
106833	0.515695370312	0.0293166452983	0.291604228593
106683	0.514971302791	0.0291479952331	0.29250658039
106555	0.514353431839	0.0289791192468	0.29346152681
106413	0.513667981251	0.0288096784579	0.294401792754
106286	0.513054937416	0.0286396728663	0.295384119414
106129	0.512297080077	0.0284736208932	0.296287507398
105960	0.511481297336	0.0282993228016	0.297236341603
105799	0.510704131529	0.0281348522759	0.298137048528
105640	0.509936619956	0.0279580690528	0.29914227381
105494	0.509231860902	0.0277872727375	0.300137985974
105337	0.508474003562	0.0276139912907	0.301140099601
105183	0.507730627573	0.0274461319492	0.302116304854
105055	0.507112756622	0.0272808706997	0.303133917931
104892	0.506325936581	0.0271107521477	0.304128224904
104728	0.505534289424	0.0269440224114	0.305103509355
104566	0.504752296501	0.0267865554382	0.306018765108
104421	0.504052364563	0.0266210682677	0.307041118769
104267	0.503308988574	0.0264641660972	0.307985644449
104125	0.502623537987	0.0263047787951	0.30898359605
103956	0.501807755246	0.0261476507035	0.309916764054
103822	0.501160921593	0.0259942503092	0.310900161706
103665	0.500403064254	0.0258376870203	0.311871045768
103510	0.499654861148	0.0256785256392	0.312876889549
103360	0.498930793626	0.0255326936002	0.313790255987
103181	0.498066739717	0.0253716118902	0.314780634986
103022	0.497299228144	0.0252197929434	0.315743340158
102897	0.496695838543	0.0250628907728	0.316830372263
102749	0.495981425255	0.0249097162996	0.317846603107
102592	0.495223567915	0.0247481827475	0.318926631829
102447	0.494523635977	0.0245925231428	0.319990879446
102267	0.493654754951	0.0244445448538	0.320922219503
102139	0.493036884	0.0242934036701	0.322001891551
101980	0.492269372427	0.0241414717627	0.323032284223
101822	0.49150668797	0.023986038079	0.324106671081
101664	0.490744003514	0.0238351228163	0.32514999936
101512	0.490010281759	0.0236768651195	0.326284492872
101345	0.489204153251	0.0235251591331	0.327336444825
101188	0.488446295912	0.0233768419626	0.328388531001
101044	0.487751191091	0.0232299932788	0.329465162003
100892	0.487017469336	0.023080546503	0.330559341581
100734	0.48625478488	0.0229379903193	0.331584352658
100584	0.485530717358	0.0227964507803	0.332626747312
100458	0.48492250064	0.0226585259781	0.333696511497
100300	0.484159816183	0.0225061422286	0.334847882913
100163	0.48349850118	0.0223688951896	0.335906662598
100019	0.482803396359	0.0222265649269	0.337010543057
99869	0.482079328838	0.0220796032826	0.33815841155
99691	0.481220102045	0.0219324157173	0.339256970369
99552	0.480549132808	0.0217891817704	0.340413891207
99401	0.47982023817	0.0216496755209	0.341516123934
99242	0.479052726597	0.0215097174292	0.342615480218
99087	0.478304523491	0.0213699852587	0.343732221405
98935	0.477570801736	0.0212338678249	0.344828187138
98786	0.476851561331	0.0210983151938	0.345935383559
98633	0.476113012459	0.0209567756547	0.347108630471
98480	0.475374463587	0.0208198674973	0.348243048753
98310	0.474553853729	0.0206813778925	0.349366548802
98157	0.473815304857	0.0205435660508	0.350533172394
97994	0.473028484816	0.0204073356566	0.351670357039
97832	0.472246491893	0.0202733644728	0.35279565821
97689	0.471556214189	0.0201355526311	0.354020047691
97536	0.470817665317	0.0200042925	0.355158087151
97377	0.470050153744	0.0198709990794	0.356316413454
97196	0.469176445601	0.0197363501324	0.3574499384
97034	0.468394452677	0.0195996678961	0.358663872286
96855	0.467530398768	0.019462420857	0.359856436398
96692	0.466743578728	0.0193285626338	0.361059144663
96542	0.466019511206	0.0191951562526	0.362299696026
96367	0.465174765764	0.0190642350031	0.363462524893
96164	0.464194861051	0.0189449486877	0.36442736578
96010	0.463451485062	0.0188096219776	0.365717550709
95832	0.46259225827	0.0186732786228	0.36697556866
95680	0.461858536515	0.0185438258601	0.368223766751
95532	0.461144123227	0.0184205859262	0.369415668032
95378	0.460400747238	0.0182980237556	0.370595732115
95219	0.459633235665	0.0181721857297	0.371817049408
95042	0.458778835989	0.0180413774407	0.373070702947
94859	0.457895473613	0.0179177986253	0.374228239815
94699	0.457123134923	0.0177944457309	0.375451478232
94531	0.456312179298	0.0176691725077	0.376692568241
94374	0.455554321959	0.0175440122449	0.377972245029
94202	0.454724057867	0.0174283406664	0.379099276024
94034	0.453913102243	0.0173132338904	0.380239545171
93856	0.453053875451	0.0171921402066	0.381447824037
93676	0.452184994425	0.0170703687596	0.382672777928
93482	0.451248533763	0.0169536805363	0.383804045704
93297	0.450355517153	0.0168306665236	0.385058586092
93127	0.449534907295	0.0167201911292	0.386186734123
92947	0.448666026269	0.0166022603401	0.387406688035
92765	0.447787491009	0.0164815055379	0.38867473918
92599	0.446986189619	0.0163661728409	0.389918436267
92427	0.446155925527	0.0162450791571	0.391243613459
92268	0.445388413954	0.0161307631048	0.392516208076
92082	0.444490570227	0.0160153174473	0.393748396477
91907	0.443645824785	0.0158976125793	0.395055944086
91732	0.442801079343	0.0157908648823	0.396211175564
91541	0.441879100032	0.0156756451458	0.397465177672
91364	0.441024700357	0.0155644919883	0.398706529755
91196	0.440213744732	0.015456614686	0.399933341519
91006	0.439296592538	0.0153426375153	0.401209721861
90800	0.438302206475	0.0152275307394	0.40247513342
90606	0.437365745814	0.0151110684371	0.40380784298
90433	0.436530654605	0.0150019485691	0.405093173266
90248	0.435637637995	0.0148959915957	0.406308387021
90064	0.434749448502	0.0147876624514	0.407577362043
89874	0.433832296308	0.0146820443596	0.408798766426
89673	0.432862045829	0.0145730374521	0.410059309594
89467	0.431867659765	0.0144591732419	0.411401165224
89282	0.430974643155	0.0143459867949	0.412803654488
89083	0.43001404691	0.0142359632426	0.414129580817
88902	0.429140338767	0.0141296673877	0.415455144471
88727	0.428295593325	0.0140205475197	0.416860077239
88545	0.427417058065	0.0139137998227	0.418219432361
88335	0.426403363535	0.0138120223888	0.419428511737
88137	0.425447594406	0.0137060654154	0.420757905591
87927	0.424433899876	0.0136088064026	0.4219125628
87703	0.42335262571	0.0135080456135	0.423103456594
87452	0.422141019391	0.013401636798	0.424334763116
87261	0.42121904008	0.0132978260747	0.42570079324
87066	0.420277752301	0.0131942412724	0.42706626772
86875	0.41935577299	0.0130920119964	0.428432639293
86668	0.41835655981	0.0129897827204	0.429768622745
86464	0.417371827981	0.0128868756813	0.43114082983
86239	0.416285726698	0.0127799020632	0.432546708464
86047	0.415358920271	0.0126827560109	0.433873025317
85853	0.414422459609	0.0125782675244	0.435351209915
85659	0.413485998948	0.0124766030511	0.436790576717
85436	0.412409551899	0.0123747126567	0.43816703849
85237	0.411448955653	0.0122736129859	0.439612978426
85030	0.410449742473	0.0121766928547	0.440967504382
84813	0.409402258125	0.0120820319339	0.442261864411
84638	0.408557512683	0.0119830785132	0.443781459732
84417	0.407490719868	0.0118811881188	0.445244386778
84214	0.406510815155	0.0117855105533	0.446647255061
83988	0.405419886756	0.0116889293037	0.44801724046
83775	0.404391710875	0.0115938165408	0.449410174292
83555	0.403329745177	0.0114993815411	0.45078363141
83326	0.402224335427	0.0114070927914	0.452099463401
83082	0.401046518925	0.0113106245023	0.453477138381
82862	0.399984553226	0.0112131395684	0.454965738382
82635	0.39888879771	0.0111202860161	0.456347781907
82431	0.39790406588	0.0110249473322	0.457871144414
82190	0.396740730729	0.0109367251614	0.459138925976
81959	0.395625666746	0.0108396920696	0.460653443421
81729	0.394515429879	0.0107512439778	0.461991113925
81517	0.393492081115	0.0106596329913	0.463472876856
81309	0.392488040818	0.0105654239126	0.465045384092
81111	0.391532271689	0.0104736999655	0.4666083725
80858	0.390311011136	0.0103823149001	0.468012201263
80609	0.38910905905	0.010288444703	0.46950590894
80381	0.388008476417	0.0101907338481	0.471177518816
80144	0.386864449733	0.0100955081247	0.472781330376
79904	0.385705941698	0.0100036712171	0.474311866701
79651	0.384484681145	0.00990867141477	0.475900555061
79399	0.383268247708	0.00982338621769	0.477266443058
79147	0.382051814272	0.00972341615223	0.479025571191
78890	0.380811245251	0.00963124036306	0.480591159413
78634	0.379575503348	0.0095291240476	0.482440855993
78392	0.378407341079	0.00943254279792	0.484215077674
78148	0.377229524577	0.00933889852191	0.485928542115
77889	0.375979301323	0.00924344687749	0.487665760904
77614	0.3746518442	0.00915002852253	0.48932011903
77371	0.373478854815	0.0090567231281	0.491097894597
77110	0.372218977327	0.00896601582577	0.492769182595
76845	0.370939791372	0.00887960102342	0.49432947579
76590	0.369708876585	0.00878618266847	0.496142410168
76312	0.368366938112	0.00869299023456	0.497899104836
76054	0.367121541974	0.00859878115593	0.499776574493
75763	0.365716850982	0.00850468503781	0.501568996107
75486	0.364379739625	0.00841171852496	0.503401088348
75186	0.362931604582	0.00832191490684	0.505088776477
74884	0.361473815305	0.00822578549926	0.506986946867
74608	0.360141531065	0.00813745036797	0.508762598366
74300	0.358654779087	0.00804538753932	0.510572211953
74008	0.357245260978	0.00796270043433	0.512169634392
73705	0.355782644584	0.00787572082936	0.513888695216
73376	0.354194523153	0.00778467464545	0.515675622492
73090	0.352813967745	0.00769430622469	0.51761623172
72782	0.351327215767	0.00760969879076	0.519322430573
72465	0.349797019738	0.00752271918578	0.521102250092
72123	0.348146145789	0.0074296397124	0.523028391167
71802	0.346596641292	0.0073425471469	0.524856911033
71492	0.345100235081	0.00725014543668	0.526935691911
71140	0.343401089963	0.00716395655538	0.52868608799
70819	0.341851585467	0.00707731583198	0.530590685687
70468	0.340157267466	0.00698751221386	0.532533288998
70130	0.338525701983	0.00690053260888	0.534454114527
69771	0.336792767048	0.00681072899075	0.536435908476
69396	0.334982598244	0.00671595510949	0.538579743888
69058	0.333351032762	0.00662841070188	0.540626443395
68703	0.331637406294	0.00654323846532	0.542557728149
68319	0.329783793438	0.00645230524193	0.544639227035
67910	0.327809502662	0.00636069425539	0.546695755078
67533	0.325989679624	0.00627382761094	0.548723115549
67132	0.324054005783	0.0061796185323	0.550993942776
66706	0.321997654021	0.00609049267733	0.553012277924
66290	0.319989573428	0.00600385195393	0.555006697924
65863	0.317928394549	0.00591077248056	0.557268442918
65382	0.315606551363	0.00581961333612	0.559293761388
64932	0.313434348798	0.00571749702067	0.561953144608
64483	0.311266973349	0.00562249721835	0.564368047472
64039	0.309123733485	0.00553077327128	0.566711799011
63539	0.30671017508	0.00542730142952	0.569422413407
63019	0.304200074338	0.00532597583774	0.572026359741
62459	0.301496888923	0.00523120195648	0.574235306016
61952	0.2990495407	0.005135524391	0.576753712238
61440	0.296578056892	0.00503611912817	0.579496901616
60883	0.293889352828	0.00494032860217	0.581955304059
60348	0.291306845334	0.00483425866831	0.585084929807
59672	0.28804371437	0.00472694616866	0.587797237928
59044	0.285012285012	0.00461963366901	0.590794476686
58397	0.281889140435	0.00451153044569	0.593851692158
57762	0.27882392126	0.00439698847238	0.597412268454
57042	0.275348397156	0.00425318972285	0.602382410712
56350	0.272008032322	0.00412520544696	0.606768674154
55638	0.268571125153	0.0040047895263	0.610795797609
54844	0.264738394404	0.00388844018458	0.614381574378
54094	0.261118056796	0.00375864854027	0.619151176632
53245	0.257019834623	0.00364116959329	0.62290153137
52384	0.252863687048	0.0035236906463	0.626767809711
51429	0.248253790493	0.00339073610727	0.631449058272
50473	0.243639066822	0.0032485188051	0.637036008633
49399	0.238454743366	0.00311725867396	0.641587116046
48249	0.232903559033	0.00298837071385	0.645869029771
46981	0.226782774916	0.00284253867486	0.651202439531
45663	0.220420634959	0.0026972714385	0.656634215786
44297	0.213826793395	0.00253867486007	0.663416752782
42687	0.206055135328	0.00238143380796	0.669400492402
40854	0.197207030213	0.00218883611122	0.678288588933
38800	0.187292132282	0.00199646433554	0.687041824556
36284	0.175147106385	0.00178613183623	0.696483415233
32957	0.159087288753	0.00152711335024	0.709118684913
28046	0.135381318093	0.00117829124612	0.728902981002
0.847956252208
