tp>=0.999:  13877 fp>=0.999:  2842
207163	1.0	1.0	0.0228661452505
203972	0.984596670255	0.89514823245	0.0250937268635
200913	0.969830519929	0.840815010195	0.0262825347963
198484	0.958105453194	0.800596092695	0.0272422785934
196631	0.949160805742	0.77059061411	0.0280164994871
194969	0.941138137602	0.746568541623	0.0286547231447
193582	0.934442926584	0.72638102715	0.0292244283987
192272	0.928119403561	0.708342473723	0.0297497439262
190977	0.921868287291	0.692357429696	0.0302170430407
189837	0.916365374126	0.67790808402	0.0306627879931
188754	0.911137606619	0.664468831367	0.0310907610264
187798	0.906522882947	0.652149469368	0.0315041865953
186807	0.901739210187	0.640874879273	0.0318769785852
185894	0.897332052538	0.6303994849	0.0322363264315
185052	0.893267620183	0.620590444669	0.0325857618752
184244	0.8893673098	0.611344851542	0.0329226666495
183435	0.885462172299	0.602563752097	0.0332447037463
182687	0.881851488924	0.594118823177	0.033568513397
181962	0.878351829236	0.586042258533	0.0338849856117
181314	0.875223857542	0.578078767375	0.0342176584586
180623	0.871888319825	0.570396322005	0.0345350088009
179951	0.868644497328	0.563093198082	0.0348416923888
179303	0.865516525634	0.55603101896	0.0351460733006
178656	0.862393381057	0.549246496812	0.0354409879263
178058	0.859506765204	0.542887609925	0.035725550215
177452	0.856581532417	0.536801183826	0.0359974967365
176926	0.854042468974	0.531001225622	0.0362724680966
176374	0.851377900494	0.525359976956	0.0365375221505
175804	0.848626443911	0.51993346625	0.0367899086614
175266	0.846029455067	0.514751402123	0.0370370526903
174687	0.843234554433	0.509779105692	0.0372659001451
174121	0.840502406318	0.504960435576	0.0374908571883
173623	0.838098502146	0.500299006512	0.0377228498271
173117	0.835655981039	0.495795044422	0.0379458057344
172648	0.833392063255	0.49138111187	0.0381738852223
172142	0.830949542148	0.487105104121	0.0383875969407
171684	0.828738722648	0.48299390578	0.0386027080626
171215	0.826474804864	0.478938171056	0.0388146957881
170734	0.824152961678	0.475007370674	0.0390177082724
170300	0.822057992981	0.471139489305	0.0392293901154
169879	0.820025776804	0.467427267541	0.0394347619891
169438	0.81789701829	0.46379502183	0.0396322743941
168972	0.815647581856	0.460216319407	0.0398227147754
168553	0.813625019912	0.456781641655	0.0400146618898
168138	0.811621766435	0.453414062456	0.0402046458511
167748	0.809739190879	0.450044675888	0.0404033299967
167335	0.807745591636	0.446848683727	0.0405844588941
166890	0.805597524654	0.443730069527	0.0407538124436
166460	0.803521864426	0.440651330393	0.0409254873885
166070	0.801639288869	0.4376159681	0.0411051027801
165674	0.799727750612	0.434643750741	0.0412799747248
165319	0.798014124144	0.431751509435	0.0414596846517
164907	0.796025352017	0.428933596155	0.0416210469886
164529	0.794200701863	0.426176455638	0.0417870531224
164161	0.792424322876	0.423477941633	0.0419520462615
163741	0.790396933815	0.420756609603	0.0421084763686
163410	0.788799158151	0.418163261848	0.0422765540146
163055	0.787085531683	0.415603915212	0.0424373628896
162682	0.785285017112	0.41306478851	0.0425936010892
162354	0.783701722798	0.410585982728	0.0427570521721
162041	0.782190835236	0.408156540697	0.0429212662914
161717	0.780626849389	0.405799167481	0.0430772632165
161376	0.778980802556	0.403420896568	0.0432328168199
161093	0.777614728499	0.401197607496	0.0433890736125
160786	0.776132803638	0.398916934477	0.0435467944006
160428	0.774404695819	0.396690821392	0.0436872462858
160133	0.77298069636	0.394526158834	0.0438392054173
159824	0.771489117265	0.39238623463	0.0439864570679
159509	0.76996857547	0.390264384111	0.0441317370074
159235	0.768645945463	0.388209406223	0.0442821678031
158922	0.767135057901	0.386171146493	0.0444218964881
158601	0.765585553405	0.384127803539	0.0445614823764
158284	0.764055357376	0.382072260848	0.0447049626112
157971	0.762544469814	0.380084946316	0.0448433459277
157656	0.761023928018	0.378100342835	0.0449822902347
157371	0.759648199727	0.376168943763	0.0451247798185
157086	0.758272471436	0.374220148769	0.0452707060612
156813	0.756954668546	0.372340598578	0.0454133693058
156494	0.755414818283	0.370515156479	0.0455383111186
156241	0.75419355773	0.368698299379	0.0456818581848
155913	0.752610263416	0.36676972432	0.0458190717812
155673	0.751451755381	0.364966535444	0.0459674233168
155417	0.750216013477	0.363206836371	0.0461074060449
155143	0.748893383471	0.361479669929	0.046239623557
154787	0.747174929886	0.359615934212	0.0463664436916
154517	0.745871608347	0.357927287309	0.0464975405658
154273	0.744693791845	0.356237284881	0.046637506322
154000	0.743375988956	0.354512942452	0.0467746878473
153716	0.742005087781	0.352836495287	0.0469039018642
153456	0.74075003741	0.351151011279	0.0470424788164
153221	0.739615664959	0.34951884464	0.0471828290359
152959	0.738350960355	0.347875607869	0.0473179318068
152692	0.737062120166	0.346272923927	0.0474475043698
152425	0.735773279978	0.344604271037	0.0475869208632
152164	0.73451340249	0.343012657227	0.0477192366252
151907	0.733272833469	0.341427030324	0.0478531495781
151692	0.732235003355	0.3398497625	0.0479998025481
151432	0.730979952984	0.338327506453	0.0481267124039
151193	0.729826272066	0.336824679616	0.0482584654119
150928	0.728547086111	0.335364212976	0.04837761516
150653	0.727219628988	0.333851219691	0.0485019740055
150413	0.726061120953	0.332372114565	0.0486334817108
150195	0.725008809488	0.330939436214	0.0487664153803
149957	0.723859955687	0.329481793587	0.0488977886645
149733	0.722778681521	0.328106273263	0.0490229813744
149486	0.721586383669	0.326710645965	0.0491448811717
149230	0.720350641765	0.325303722614	0.0492665968974
148951	0.719003876175	0.323804510514	0.0493954691775
148730	0.717937083359	0.322431023479	0.0495255068181
148511	0.716879944778	0.321053695786	0.049657821096
148284	0.715784189262	0.319712854343	0.0497832867229
148075	0.714775321848	0.318361733492	0.0499170717565
147842	0.713650603631	0.31703614172	0.050040413586
147628	0.712617600633	0.315722975606	0.050169016449
147402	0.711526672234	0.314402692979	0.0502958509216
147108	0.710107499891	0.312924378576	0.0504257677771
146902	0.709113113828	0.311653120817	0.0505537435071
146710	0.7081863074	0.310393497992	0.0506855207176
146481	0.707080897651	0.309118964378	0.0508084799079
146233	0.705883772681	0.307821386816	0.0509297634355
146000	0.704759054464	0.306557584452	0.0510516821354
145789	0.703740532817	0.305310952088	0.0511791757354
145555	0.702610987483	0.303950794395	0.0513181669943
145352	0.701631082771	0.302721557952	0.0514476646232
145144	0.700627042474	0.301482493942	0.0515780918906
144920	0.699545768308	0.300265457236	0.0517005492202
144668	0.698329334872	0.299013063885	0.0518202717602
144484	0.697441145378	0.29786075356	0.0519476036919
144299	0.696548128768	0.296674103235	0.0520812617684
144100	0.695587532523	0.295489260278	0.0522108448555
143816	0.694216631348	0.294165024032	0.0523356269169
143586	0.693106394482	0.292982440286	0.052456163232
143370	0.69206373725	0.291825272658	0.0525781713857
143165	0.691074178304	0.290681208452	0.0527027046926
142927	0.689925324503	0.28941141918	0.0528383706379
142721	0.68893093844	0.288290850762	0.0529604702881
142521	0.687965515077	0.287158986292	0.0530875845877
142330	0.687043535767	0.286024297809	0.0532193540016
142159	0.686218098792	0.284919543865	0.0533539354434
141946	0.685189922911	0.283820437948	0.0534735425647
141749	0.684238980899	0.282714893281	0.0536009302238
141553	0.683292866004	0.281637249863	0.0537246056515
141360	0.682361232459	0.280563673024	0.0538495412732
141185	0.681516487017	0.279468633686	0.0539858360071
140987	0.680560717889	0.278384664479	0.0541127775886
140780	0.679561504709	0.277322948496	0.0542332816991
140586	0.678625044047	0.276257956657	0.0543600439409
140391	0.677683756269	0.275198161003	0.0544864132291
140200	0.676761776958	0.274144352256	0.0546140709531
140008	0.67583497053	0.273087719496	0.0547428445416
139816	0.674908164103	0.27202543871	0.0548736598113
139575	0.673744828951	0.270947004569	0.0549903198126
139380	0.672803541173	0.269930472796	0.0551131286131
139198	0.671925005913	0.268907954115	0.0552428697178
139002	0.670978891018	0.267915708856	0.0553623874148
138749	0.669757630465	0.266902001096	0.0554654554656
138511	0.668608776664	0.265808656165	0.0555906955389
138324	0.66770610582	0.264798337221	0.0557198394677
138116	0.666702065523	0.263783273935	0.0558428688508
137923	0.665770431979	0.262786962096	0.055968792558
137725	0.66481466285	0.261784663349	0.056094929442
137527	0.663858893721	0.260796597629	0.0562191060015
137352	0.663014148279	0.259817681711	0.0563512261085
137146	0.662019762216	0.258823177241	0.0564754735286
136960	0.661121918489	0.257858494349	0.0566022686368
136771	0.660209593412	0.256888954155	0.0567298196248
136575	0.659263478517	0.255924045342	0.0568545833973
136383	0.658336672089	0.254977549095	0.056977953802
136197	0.657438828362	0.253991516665	0.0571129641317
136016	0.656565120219	0.253047844431	0.0572419365699
135855	0.655787954413	0.252058762066	0.05738954556
135671	0.654899764919	0.251023478845	0.0575390581595
135471	0.653934341557	0.250076869638	0.0576640670425
135284	0.653031670713	0.249118625496	0.0577977684774
135118	0.652230369323	0.248175743986	0.0579375686872
134931	0.651327698479	0.24724235116	0.0580677812488
134743	0.650420200518	0.246292014256	0.0582023083436
134573	0.64959959066	0.245370369324	0.0583387630481
134397	0.648750018102	0.244427713735	0.058478481266
134211	0.647852174375	0.243411181962	0.0586318748648
134009	0.646877096779	0.242503544137	0.058755055226
133809	0.645911673417	0.241579752955	0.058883661983
133634	0.645066927975	0.240663078287	0.0590219686062
133457	0.644212528299	0.239749227632	0.0591598019924
133285	0.643382264207	0.238851869214	0.0592968901888
133113	0.642552000116	0.237952477507	0.059435449627
132931	0.641673464856	0.237035012115	0.0595750764458
132751	0.64080458383	0.236133361197	0.0597128317973
132570	0.639930875687	0.235193755542	0.0598602583333
132395	0.639086130245	0.234297413769	0.0600009607767
132218	0.63823173057	0.23340423489	0.0601410803179
132053	0.637435256296	0.232554206932	0.0602768701838
131869	0.636547066802	0.231682038712	0.0604108629515
131696	0.635711975594	0.230820601741	0.0605479363883
131522	0.634872057269	0.229941655888	0.0606899033969
131340	0.633993522009	0.22905288247	0.0608318878774
131179	0.633216356203	0.228201160105	0.0609748048215
130954	0.63213025492	0.227284259516	0.0611071654887
130759	0.631188967142	0.226410170966	0.0612428802734
130576	0.630305604765	0.225570309455	0.061376159769
130395	0.629431896622	0.224746714261	0.0615071044845
130198	0.628480954611	0.223868559132	0.061645963027
130000	0.627525185482	0.22301536828	0.0617789387994
129849	0.626796290843	0.222184995453	0.0619279607969
129685	0.626004643686	0.221373599995	0.0620672260542
129517	0.625193688062	0.220551812169	0.0622084212903
129336	0.624319979919	0.219681677238	0.0623576190359
129167	0.623504197178	0.218832891846	0.062507682376
128980	0.622601526334	0.217993595138	0.0626481141208
128796	0.621713336841	0.217177568299	0.062784654135
128637	0.620945825268	0.216351713894	0.0629363239222
128470	0.620139696761	0.215540883238	0.0630813059947
128305	0.619343222487	0.214728132254	0.0632287905982
128125	0.618474341461	0.213918996007	0.0633693972179
127972	0.617735792588	0.213043664891	0.0635420633742
127803	0.616920009847	0.212272709302	0.0636792911137
127643	0.616147671157	0.211467639633	0.0638313300248
127463	0.615278790131	0.210602700886	0.0639921078593
127328	0.614627129362	0.20980666806	0.0641556568765
127173	0.613878926256	0.209005213128	0.064312491561
126995	0.613019699464	0.208207824776	0.0644583810869
126850	0.612319767526	0.207426476818	0.0646163971303
126703	0.611610181355	0.206621971952	0.0647813871683
126520	0.610726818978	0.205834072283	0.0649254347905
126386	0.610079985326	0.20505362801	0.06509192678
126236	0.609355917804	0.204268213473	0.065253384377
126044	0.608429111376	0.203469356633	0.0653997043512
125871	0.607594020168	0.202651070583	0.0655622516108
125708	0.606807200127	0.201842386178	0.0657280235581
125545	0.606020380087	0.201082839602	0.0658800279798
125401	0.605325275266	0.200297989867	0.0660502726
125237	0.604533628109	0.19954262283	0.0662027849817
125080	0.60377577077	0.198770650596	0.0663650491557
124917	0.60298895073	0.197979249151	0.0665316331107
124740	0.602134551054	0.197190332838	0.0666917237357
124584	0.601381520831	0.196368545012	0.0668740062889
124423	0.600604355025	0.195563814225	0.067049778491
124251	0.599774090933	0.194790825346	0.067211167404
124100	0.599045196295	0.194018288309	0.0673842738897
123958	0.598359745707	0.193243492062	0.0675640099745
123795	0.597572925667	0.192474343841	0.0677325582986
123650	0.59687299373	0.191690171869	0.0679165732917
123455	0.595931705951	0.190875387596	0.0680865074498
123303	0.595197984196	0.190108385625	0.0682640319864
123145	0.59443529974	0.18935143714	0.0684364348922
122993	0.593701577984	0.188538686156	0.0686321886544
122853	0.593025781631	0.187784900566	0.0688156876892
122710	0.592335503927	0.187013380174	0.0690051139476
122571	0.59166453469	0.18623926169	0.0691990321135
122408	0.59087771465	0.185468870903	0.0693805301709
122273	0.59022605388	0.18470153005	0.0695772264365
122096	0.589371654205	0.183913517421	0.0697604526979
121942	0.588628278216	0.183152050516	0.0699480245485
121798	0.587933173395	0.182367652624	0.0701506420502
121663	0.587281512625	0.181598617363	0.0703542258913
121516	0.586571926454	0.180824611839	0.0705547778456
121352	0.585780279297	0.180053995131	0.0707465194277
121194	0.585017594841	0.179207017108	0.0709711761947
121014	0.584148713815	0.178451198229	0.0711520596432
120894	0.583569459797	0.177674142771	0.0713752250143
120745	0.582850219392	0.176938543826	0.0715687088055
120618	0.582237175557	0.176196732052	0.0717782276637
120463	0.581488972452	0.175453338831	0.0719744994593
120302	0.580711806645	0.174687918307	0.0721774612075
120160	0.580026356058	0.17393051798	0.0723896413411
120002	0.579263671602	0.173152784759	0.0726025084959
119849	0.578525122729	0.17237335713	0.072820677964
119696	0.577786573857	0.171597544238	0.073039299141
119530	0.576985272467	0.170845791938	0.0732428577031
119382	0.576270859179	0.170083873191	0.073462455579
119242	0.575595062825	0.16932771543	0.0736861814773
119085	0.574837205486	0.16854806188	0.0739115754769
118954	0.574204853183	0.167830423658	0.0741285899278
118788	0.573403551793	0.167073136293	0.0743434211943
118639	0.572684311388	0.166306586163	0.0745738399754
118503	0.572027823501	0.165547039587	0.0748109414387
118373	0.571400298316	0.164818896037	0.0750403972977
118218	0.57065209521	0.164050086697	0.075274308244
118066	0.569918373455	0.163294493739	0.0755064256502
117898	0.56910741783	0.162518229005	0.0757399870874
117741	0.568349560491	0.161745917889	0.075980513945
117582	0.567582048918	0.161016192891	0.0762034009029
117452	0.566954523733	0.160288162302	0.0764448945508
117334	0.566384923949	0.159553128159	0.0766988146178
117185	0.565665683544	0.158819336583	0.0769356015171
117039	0.564960924489	0.158095598493	0.0771717600639
116872	0.564154795982	0.157346557246	0.0774086207102
116728	0.563459691161	0.156619882182	0.0776515088519
116612	0.562899745611	0.15589987179	0.0779107112195
116437	0.562055000169	0.155150830542	0.0781491516733
116283	0.56131162418	0.154352764426	0.0784257786734
116125	0.560548939724	0.153613550745	0.0786748346219
115991	0.559902106071	0.152857618905	0.0789491596027
115851	0.559226309717	0.152134332657	0.0792066143276
115707	0.558531204897	0.151379530423	0.0794790828792
115570	0.557869889893	0.150635572399	0.0797532803255
115429	0.557189266423	0.149882012731	0.0800321989736
115284	0.556489334485	0.149109701615	0.0803204904898
115147	0.555828019482	0.148364275104	0.0806033191373
115001	0.555123260428	0.147625626225	0.0808795966464
114873	0.554505389476	0.14683637103	0.0811958743649
114722	0.553776494837	0.146086652019	0.0814800820469
114601	0.553192413703	0.145320440772	0.0817952253703
114461	0.55251661735	0.144602915511	0.0820756069928
114319	0.551831166762	0.143878725579	0.0823607898117
114177	0.551145716175	0.143158828148	0.0826464048086
114027	0.550421648653	0.142412159071	0.0829436872978
113880	0.549712062482	0.141615900324	0.0832726411204
113723	0.548954205143	0.140896906576	0.0835563255584
113582	0.548273581672	0.140166277894	0.0838599405652
113444	0.547607439552	0.139430340068	0.0841715067534
113313	0.54697508725	0.138690335662	0.0844932107465
113184	0.546352389181	0.137908535862	0.0848430331924
113042	0.545666938594	0.137145939351	0.0851766985873
112896	0.54496217954	0.136387974222	0.085508422007
112746	0.544238112018	0.135630686856	0.0858404323923
112595	0.54350921738	0.134892941662	0.0861638180072
112467	0.542891346428	0.134132830282	0.0865198654048
112314	0.542152797556	0.133388194495	0.0868528317995
112184	0.54152527237	0.132655758445	0.0871982893639
112039	0.540825340432	0.131921063184	0.0875379915461
111895	0.540130235612	0.131209750753	0.0878676727533
111763	0.539493056192	0.130453705952	0.0882369195594
111611	0.538759334437	0.129669533981	0.0886132128651
111473	0.538093192317	0.128916087273	0.0889846270761
111315	0.537330507861	0.128135530039	0.0893626962222
111163	0.536596786106	0.127388973923	0.0897276843117
111028	0.535945125336	0.126663767347	0.0900954121353
110888	0.535269328982	0.125918227875	0.0904766489501
110747	0.534588705512	0.12515461472	0.0908732851562
110608	0.533917736275	0.12440071617	0.0912694614336
110478	0.53329021109	0.123626258804	0.0916907489265
110343	0.53263855032	0.122859595714	0.0921078552492
110203	0.531962753967	0.122136761309	0.0924958684345
110081	0.531373845716	0.121398451311	0.0929126866698
109964	0.530809073049	0.120672905853	0.0933291123448
109821	0.530118795345	0.119937193948	0.0937372768297
109699	0.529529887094	0.119172903029	0.09418689013
109573	0.528921670376	0.118425104347	0.0946267927171
109437	0.528265182489	0.117663750402	0.0950739006127
109302	0.52761352172	0.116961248892	0.0954836951252
109165	0.526952206716	0.116213902052	0.0959299311227
109040	0.526348817115	0.115467345936	0.0963904840033
108913	0.52573577328	0.114696842188	0.0968732099719
108762	0.525006878641	0.113969602322	0.0973091943688
108637	0.52440348904	0.113218640746	0.0977899438484
108498	0.523732519803	0.112469599498	0.0982636448605
108373	0.523129130202	0.111726206277	0.0987501890754
108248	0.5225257406	0.110958526543	0.0992622819284
108101	0.521816154429	0.110181697006	0.0997700971204
107949	0.521082432674	0.109434011285	0.100256331671
107831	0.52051283289	0.108687907011	0.100775976232
107697	0.519865999237	0.107908931224	0.10131639725
107526	0.519040562263	0.107153564187	0.10181239046
107384	0.518355111675	0.106425533597	0.102316079929
107240	0.517660006855	0.105670279521	0.10284817714
107094	0.5169552478	0.104946428471	0.10335782147
106937	0.516197390461	0.104211281368	0.10387446903
106823	0.515647099144	0.103464160449	0.1044463239
106686	0.514985784141	0.102713311833	0.105008902813
106558	0.514367913189	0.101954781901	0.10559413672
106438	0.513788659172	0.101191733549	0.106198734252
106301	0.513127344169	0.100424957499	0.106799969457
106172	0.5125046461	0.0996707200669	0.107404792205
106027	0.511804714162	0.0989165955957	0.108003353363
105913	0.511254422846	0.0981249682299	0.108675643534
105794	0.510679995945	0.0973444109956	0.10934215286
105669	0.510076606344	0.0965315470509	0.110045624533
105538	0.509444254042	0.0957662394876	0.110705395758
105427	0.508908444075	0.0950095169243	0.111384629688
105298	0.508285746007	0.0942632996899	0.112045610772
105146	0.507552024251	0.093508158574	0.112703804421
105017	0.506929326183	0.0927695096948	0.113375862192
104905	0.5063886891	0.0920156111447	0.114090791931
104767	0.50572254698	0.0912576460156	0.114795664003
104638	0.505099848911	0.0905145916759	0.115503150347
104502	0.504443361025	0.0897499618758	0.116239000608
104377	0.503839971423	0.0890006947072	0.116979296602
104250	0.503226927588	0.0882391148413	0.117743392817
104110	0.502551131235	0.0874710962254	0.118514083152
103956	0.501807755246	0.0867114366884	0.119272770663
103833	0.501214019878	0.0859283943226	0.12010382556
103711	0.500625111627	0.0851663626146	0.120923350656
103582	0.500002413558	0.0844038790645	0.121749453443
103439	0.499312135854	0.0836262588039	0.122593934481
103291	0.498597722566	0.0828686325564	0.123421253247
103140	0.497868827928	0.0821177839404	0.124250090351
103028	0.497328190845	0.0813357582193	0.125176018905
102903	0.496724801243	0.0805818596691	0.126065522759
102763	0.49604900489	0.0798257019085	0.126956927821
102603	0.4952766662	0.0790849067793	0.127820120242
102489	0.494726374884	0.0783382377028	0.128756642671
102371	0.4941567751	0.0775765448764	0.129726571955
102252	0.493582348199	0.0767918081027	0.130746499962
102133	0.493007921299	0.0759962271184	0.131801352689
101979	0.49226454531	0.075202114621	0.132834104234
101848	0.491632193007	0.0744520567288	0.13384392585
101710	0.490966050887	0.0736657385077	0.134921277129
101592	0.490396451104	0.0729017864707	0.136006190375
101458	0.489749617451	0.0721557951574	0.13706317513
101337	0.489165536317	0.0713968133836	0.13817651775
101204	0.488523529781	0.0706276651624	0.139313865036
101066	0.487857387661	0.0698591947044	0.14046601483
100935	0.487225035359	0.0690849632596	0.141659181497
100816	0.486650608458	0.0683211241832	0.142871921762
100707	0.486124452726	0.0675493778699	0.144135234393
100581	0.485516236007	0.0667796648461	0.145399113563
100442	0.484845266771	0.0659907485329	0.146708830253
100332	0.484314283921	0.0652471293906	0.147994961221
100185	0.48360469775	0.06449311788	0.149280307546
100035	0.482880630228	0.0637340231456	0.15059841927
99903	0.482243450809	0.0629619379508	0.151993889999
99786	0.481678678142	0.0622023913743	0.153412602507
99656	0.481051152957	0.061434485719	0.15486220968
99525	0.480418800655	0.0606753909846	0.156322889818
99405	0.479839546637	0.0599165221713	0.157829555829
99286	0.479265119737	0.0591649957922	0.159354019642
99139	0.478555533565	0.058395395729	0.160915640983
99039	0.478072821884	0.0576395768499	0.16254501052
98917	0.477483913633	0.0568801432339	0.164189311436
98789	0.476866042681	0.0561431887627	0.165807604837
98626	0.476079222641	0.0553986659362	0.167432022015
98510	0.475519277091	0.0546571930439	0.169153340396
98379	0.474886924789	0.053880363507	0.170985968858
98244	0.474235264019	0.0531251094305	0.172799898688
98153	0.473795996389	0.052378214433	0.174699513562
98028	0.473192606788	0.0516213789091	0.176622571683
97902	0.47258439007	0.0508291867407	0.178694045175
97778	0.471985827585	0.050062071809	0.180749038746
97664	0.471435536269	0.0493297487193	0.18276714518
97537	0.470822492433	0.048594940498	0.184823328552
97433	0.470320472285	0.0478686043162	0.186940830435
97323	0.469789489436	0.047107815174	0.189214778984
97210	0.469244025236	0.0463924361632	0.191393683083
97102	0.468722696621	0.0456558205735	0.193709266533
96991	0.468186886654	0.0449481228785	0.195980610263
96876	0.467631768221	0.0442019056441	0.198443197181
96762	0.467081476905	0.0434675492649	0.20093237673
96644	0.466511877121	0.0427476518331	0.203429360479
96518	0.465903660403	0.042061642559	0.205850173287
96402	0.465343714853	0.041349652364	0.208456588302
96280	0.464754806602	0.0406431972347	0.211103315208
96139	0.464074183131	0.0399451011844	0.213756700811
96027	0.463533546048	0.0392273500025	0.216621963352
95901	0.46292532933	0.0385356927022	0.219430995506
95766	0.462273668561	0.0378415502703	0.22231662813
95626	0.461597872207	0.0371463911936	0.225283294461
95477	0.460878631802	0.0364522487617	0.228317741812
95336	0.460198008332	0.0357550563955	0.231475029318
95207	0.459575310263	0.0350490531084	0.234798413748
95064	0.458885032559	0.0343655289659	0.238082596609
94944	0.458305778542	0.0336857325208	0.241494383852
94813	0.457673426239	0.0330149729177	0.244942299197
94694	0.457098999339	0.0323499743015	0.248490462557
94574	0.456519745321	0.031692657001	0.252104558856
94461	0.455974281122	0.0310457320689	0.25578530076
94355	0.45546260674	0.0304140568078	0.25950220022
94228	0.454849562905	0.0297865610862	0.263267005292
94117	0.454313752939	0.0291658429962	0.267141056791
93986	0.453681400636	0.0285580024061	0.27100922722
93866	0.453102146619	0.027948015566	0.275041022035
93745	0.452518065485	0.027362767081	0.279021245439
93617	0.451900194533	0.0267705150435	0.283167023082
93483	0.45125336088	0.0261770204402	0.287446305413
93344	0.450582391643	0.025590416429	0.29180304295
93234	0.450051408794	0.0250095734046	0.296324312298
93120	0.449501117478	0.024471429459	0.300622746217
92998	0.448912209227	0.0239532795265	0.304863496892
92844	0.448168833238	0.0234105041993	0.30938821483
92716	0.447550962286	0.0228778953195	0.314029656625
92598	0.446981362502	0.022361891637	0.318688050661
92478	0.446402108485	0.0218769520991	0.323183538531
92366	0.445861471402	0.0213711148639	0.328054354891
92252	0.445311180085	0.0208703608524	0.333027688531
92115	0.444649865082	0.0203943451961	0.337839572506
92005	0.444118882233	0.0199333532897	0.342703785926
91893	0.44357824515	0.0194974386201	0.347425490648
91795	0.443105187702	0.0190846808583	0.352048936701
91679	0.442545242152	0.0186963225701	0.356462706704
91565	0.441994950836	0.0183246824397	0.360794682155
91455	0.441463967987	0.0179826379672	0.364872790237
91334	0.440879886852	0.0176175495473	0.369330680642
91227	0.440363385354	0.0172757309958	0.373631549416
91134	0.43991446349	0.0169537934969	0.377804493823
91021	0.43936899929	0.0166259820506	0.382112046347
90925	0.438905596077	0.01632087567	0.386244307755
90831	0.438451847096	0.0160355373815	0.390187638538
90712	0.437877420196	0.0157844261323	0.39363668712
90598	0.437327128879	0.0155622327778	0.396724541852
90491	0.43681062738	0.0153618408047	0.399546987867
90378	0.436265163181	0.0151843798185	0.402037366548
90240	0.435599021061	0.0150222814637	0.404252173796
90108	0.434961841642	0.0148413187012	0.406820983056
89998	0.434430858792	0.0146900645569	0.409000018178
89888	0.433899875943	0.014540165939	0.411185369178
89760	0.433282004991	0.0144024670579	0.413145539906
89626	0.432635171339	0.0142628478478	0.415146602436
89514	0.432094534256	0.0141355413351	0.417021118001
89418	0.431631131042	0.0140064274539	0.418992371563
89331	0.431211171879	0.0138861244938	0.420856496749
89214	0.430646399212	0.01376717706	0.422634895068
89133	0.43025540275	0.0136472129814	0.424550005478
89049	0.429849924938	0.013538883837	0.426267567878
88939	0.429318942089	0.0134337175874	0.427873166461
88824	0.428763823656	0.0133222255483	0.429597457935
88734	0.428329383143	0.0132208999565	0.431220659559
88644	0.42789494263	0.0131172021937	0.432903900062
88537	0.427378441131	0.0130246875229	0.434345565149
88429	0.426857112515	0.0129185046286	0.43605763541
88313	0.426297166965	0.0128188734447	0.437639374808
88204	0.425771011233	0.0127331364055	0.438987487931
88089	0.425215892799	0.0126431068663	0.440414171008
87982	0.424699391301	0.012559064235	0.441758760412
87886	0.424235988087	0.0124717457484	0.443210586301
87789	0.423767757756	0.0123840883803	0.444679137478
87693	0.423304354542	0.0123058067358	0.445975222751
87568	0.422700964941	0.0122096773283	0.447561025473
87456	0.422160327858	0.012132299368	0.44881683679
87350	0.421648653476	0.0120570676577	0.450055902765
87246	0.421146633327	0.0119805933816	0.451336223397
87151	0.42068805723	0.0119053616714	0.452626658703
87041	0.420157074381	0.0118380371979	0.453719003956
86932	0.419630918649	0.0117707127244	0.454822271286
86814	0.419061318865	0.0117050826589	0.455872082338
86712	0.41856895295	0.0116336916065	0.457098275708
86620	0.418124858203	0.0115684004225	0.458231718607
86502	0.41755525842	0.0115019796332	0.459322978893
86405	0.417087028089	0.0114346551598	0.460502472926
86284	0.416502946955	0.0113486921995	0.462029451138
86190	0.416049197975	0.0112861120681	0.463133120547
86107	0.415648547279	0.0112266948315	0.46420619646
86005	0.415156181364	0.0111645665422	0.465291791323
85911	0.414702432384	0.0111030030556	0.466395587453
85821	0.414267991871	0.0110421173321	0.467503391022
85719	0.413775625956	0.0109891388454	0.468404716888
85626	0.413326704093	0.0109273494377	0.469538610017
85525	0.412839165295	0.01087414503	0.470460421365
85438	0.412419206132	0.0108220702276	0.471402875713
85355	0.412018555437	0.0107672843725	0.472425473505
85263	0.41157446069	0.0107083189779	0.473525491503
85151	0.411033823607	0.010656357136	0.474410545552
85060	0.410594555978	0.0106008935178	0.475445205862
84953	0.410078054479	0.0105440743732	0.476471709965
84853	0.409595342798	0.0104955013471	0.477329748096
84760	0.409146420934	0.0104438783867	0.478286384977
84665	0.408687844837	0.0103968868079	0.479131886477
84571	0.408234095857	0.0103488785844	0.48000976241
84462	0.407707940124	0.0103024518082	0.480810173853
84365	0.407239709794	0.0102529750979	0.481725108633
84258	0.406723208295	0.0102049668743	0.482580083506
84161	0.406254977964	0.0101568456903	0.483472736046
84049	0.405714340881	0.0101117744404	0.484250857028
83944	0.405207493616	0.010059699638	0.485228238314
83841	0.404710300585	0.0100115784539	0.4861193251
83726	0.404155182151	0.0099653775988	0.48693194375
83629	0.403686951821	0.00991985450684	0.487786241732
83535	0.40323320284	0.00987557398067	0.488623069724
83412	0.402639467472	0.00982632319136	0.489504169576
83316	0.402176064259	0.00978147786256	0.490359488664
83205	0.401640254293	0.00973877878375	0.491119650098
83113	0.401196159546	0.00969235200759	0.492037462407
83026	0.400776200383	0.00964852332352	0.49290849615
82929	0.400307970053	0.00961045562628	0.493604433149
82823	0.399796295671	0.00956707878432	0.494415492159
82734	0.399366682274	0.00952437970551	0.495264890751
82646	0.398941895995	0.00948066398197	0.496148881885
82545	0.398454357197	0.00944112779789	0.496887866895
82466	0.398073014969	0.00940012312697	0.497736627998
82363	0.397575821937	0.00935731108764	0.498565375303
82277	0.397160689892	0.00931393424568	0.499465792509
82197	0.396774520547	0.00927372029844	0.500304332477
82090	0.396258019048	0.00923463595647	0.501034539584
82008	0.395862195469	0.00919848858816	0.501765184564
81905	0.395365002438	0.00915228773305	0.50270980255
81807	0.39489194499	0.00910845904899	0.503610541674
81718	0.394462331594	0.00906609885176	0.504503725838
81629	0.394032718198	0.00902916075977	0.505251886284
81544	0.393622413269	0.00899154490463	0.50603501238
81456	0.393197626989	0.00895494569423	0.506784627732
81361	0.392739050892	0.00892139641802	0.507431130293
81259	0.392246684978	0.00888728233919	0.508075155532
81148	0.391710875011	0.0088498924051	0.508787219502
81045	0.39121368198	0.00881928010257	0.509335780139
80974	0.390870956686	0.00878392345795	0.51012064132
80876	0.390397899239	0.00874529095807	0.51091948577
80766	0.38986691639	0.00871479161607	0.511452363613
80663	0.389369723358	0.00867988681355	0.512136276769
80572	0.388930455728	0.00864678937945	0.512808762785
80482	0.388496015215	0.00861324010325	0.513500752878
80381	0.388008476417	0.00858206299809	0.514092929551
80301	0.387622307072	0.00854794891925	0.514839106768
80182	0.387047880172	0.00851665885356	0.515384664828
80078	0.386545860023	0.00848785391945	0.51590666031
79995	0.386145209328	0.00845554720903	0.516600042622
79914	0.385754212866	0.00842132016967	0.517359919723
79823	0.385314945236	0.00838596352505	0.518125937129
79751	0.384967392826	0.00835670674883	0.518773173746
79650	0.384479854028	0.00832711109103	0.519342492192
79563	0.384059894865	0.00829435253851	0.520053598274
79467	0.383596491652	0.0082643050386	0.520658070603
79374	0.383147569788	0.00823606490712	0.52122008077
79301	0.382795190261	0.00819935273619	0.522105249297
79218	0.382394539565	0.00816896635471	0.522770317088
79122	0.381931136352	0.00813959661796	0.523366340563
79031	0.381491868722	0.00810593438123	0.524113004841
78957	0.381134662078	0.00808130898657	0.524638201172
78829	0.380516791126	0.00804663010511	0.525306038131
78739	0.380082350613	0.00801771221047	0.525918900325
78649	0.3796479101	0.00798755175004	0.526573379754
78551	0.379174852652	0.00795761721067	0.527198534199
78471	0.378788683307	0.00792655306603	0.527919430578
78388	0.378388032612	0.00789808701349	0.528552259839
78286	0.377895666697	0.00786306925045	0.529335001183
78196	0.377461226184	0.00783358655318	0.529984275877
78118	0.377084711073	0.00780308721117	0.530707356178
78019	0.376606826509	0.00777710629021	0.531222126141
77928	0.376167558879	0.00775022168503	0.531793800925
77834	0.375713809898	0.00772378892196	0.532343888927
77751	0.375313159203	0.00769227293522	0.533096100049
77669	0.374917335625	0.0076682123432	0.533613185575
77569	0.374434623943	0.00764336102749	0.534100376636
77462	0.373918122445	0.00761783194863	0.534589371981
77387	0.373556088684	0.00759151214608	0.535209416842
77307	0.373169919339	0.00756632194879	0.535778888204
77203	0.37266789919	0.00753119122523	0.536601470731
77104	0.372190014626	0.00750159556743	0.537261432762
77006	0.371716957179	0.00747482392278	0.53783402478
76908	0.371243899731	0.00744816523866	0.538405533309
76808	0.37076118805	0.00742489537031	0.538859812822
76726	0.370365364471	0.00739846260724	0.539480530438
76633	0.369916442608	0.00736886694944	0.540174952596
76545	0.369491656329	0.00734186938374	0.540801186944
76446	0.369013771764	0.00731611438383	0.54135242506
76345	0.368526232966	0.00729352227864	0.541792040422
76273	0.368178680556	0.00726934872609	0.54238192084
76179	0.367724931576	0.00724698254195	0.542840651588
76103	0.367358070698	0.00722167938414	0.543460873788
76013	0.366923630185	0.00719615030528	0.544045863811
75918	0.366465054088	0.00716824905537	0.544699230858
75829	0.366035440692	0.00714678655544	0.545151944327
75748	0.36564444423	0.00712498517393	0.545644453729
75646	0.365152078315	0.00709618023982	0.546314618751
75560	0.364736946269	0.00707144188463	0.546898184003
75462	0.364263888822	0.00704195918736	0.54761179083
75377	0.363853583893	0.00701981892428	0.548112651886
75282	0.363395007796	0.00699767866119	0.548582671428
75190	0.362950913049	0.00697553839811	0.549064567481
75095	0.362492336952	0.0069537370166	0.549526541484
75005	0.362057896439	0.00693306524035	0.549966637581
74915	0.361623455926	0.0069093435299	0.550517706366
74830	0.361213150997	0.00688697734577	0.551039043285
74758	0.360865598587	0.00686223899058	0.551691056551
74678	0.360479429242	0.00684111537223	0.552188701568
74604	0.360122222598	0.00681818438547	0.552773723169
74509	0.359663646501	0.00679457563554	0.553316154137
74424	0.359253341572	0.00677141872773	0.553877754542
74345	0.358871999344	0.00675334504357	0.554275702677
74260	0.358461694415	0.00673222142522	0.554766991887
74139	0.35787761328	0.00671132372792	0.555132083383
74056	0.357476962585	0.00668907050431	0.555675610781
73946	0.356945979736	0.00666749504386	0.556106218649
73856	0.356511539223	0.00664693622814	0.556567871649
73769	0.35609158006	0.00662411820189	0.557125594744
73691	0.355715064949	0.00660525379406	0.557568191276
73605	0.355299932903	0.00658571162307	0.558011007839
73518	0.35487997374	0.00656628241261	0.55844797071
73424	0.35442622476	0.00654730504425	0.558846139209
73343	0.354035228298	0.00652595550485	0.559379170957
73266	0.353663540304	0.00650438004439	0.559936414285
73189	0.35329185231	0.00648348234709	0.560470191829
73114	0.352929818549	0.00646314945242	0.560991329702
73016	0.352456761101	0.0064421387946	0.561462866986
72928	0.352031974822	0.00642135405782	0.56196156395
72847	0.35164097836	0.00639887491316	0.562551160672
72765	0.351245154782	0.00637504024219	0.563192235354
72678	0.350825195619	0.00635719247909	0.56358758026
72603	0.350463161858	0.00633572997916	0.564165326247
72507	0.349999758644	0.00631302491344	0.564722650591
72419	0.349574972365	0.00629348274246	0.565186173741
72344	0.349212938604	0.00626953511096	0.565868310311
72257	0.348792979441	0.00625112254523	0.566295181667
72161	0.348329576227	0.00623169333476	0.566733161598
72085	0.34796271535	0.00621305484798	0.567209864109
71996	0.347533101954	0.00619317379542	0.567693302424
71899	0.347064871623	0.00617521307179	0.568075154465
71806	0.346615949759	0.00615250800608	0.568661302585
71708	0.346142892312	0.0061347732035	0.569034336637
71622	0.345727760266	0.00611353662463	0.56959035493
71521	0.345240221468	0.00609365557206	0.570042880143
71435	0.344825089422	0.00607524300633	0.570489630002
71352	0.344424438727	0.00605649155902	0.570962166315
71279	0.3440720592	0.00603570682225	0.571553431534
71198	0.343681062738	0.00601548688811	0.57209664848
71124	0.343323856094	0.00599910761185	0.572509498358
71041	0.342923205399	0.00597979136191	0.573012953911
70955	0.342508073353	0.00596115287513	0.573480323616
70862	0.342059151489	0.00594149774361	0.573967276851
70784	0.341682636378	0.00592398886209	0.57441956714
70690	0.341228887398	0.00590625405952	0.574827608639
70573	0.340664114731	0.00589032662536	0.575082709953
70492	0.340273118269	0.00587213998068	0.575557660276
70408	0.339867640457	0.00585632550705	0.575925138239
70315	0.339418718594	0.00583621853343	0.576442232807
70224	0.338979450964	0.00581633748087	0.576959100843
70132	0.338535356217	0.00579815083619	0.577403446374
70035	0.338067125886	0.00577849570468	0.577894215694
69935	0.337584414205	0.00575658136264	0.578472406035
69840	0.337125838108	0.00573692623113	0.578974856375
69746	0.336672089128	0.0057211117575	0.579319395646
69647	0.336194204564	0.00570428063913	0.579691206459
69555	0.335750109817	0.00568485142867	0.580200365362
69477	0.335373594706	0.00566643886294	0.580717151454
69381	0.334910191492	0.00565209287614	0.580997680397
69283	0.334437134044	0.00562780636307	0.581701706072
69193	0.334002693531	0.00561210484996	0.582065194532
69095	0.333529636084	0.00559391820528	0.582509948068
69007	0.333104849804	0.00557516675798	0.583016508677
68929	0.332728334693	0.0055595782054	0.583422206423
68833	0.332264931479	0.00554432853439	0.583751007081
68738	0.331806355382	0.00552422156078	0.584298124819
68646	0.331362260635	0.00549711103455	0.585167504902
68544	0.330869894721	0.00548073175829	0.585530867994
68468	0.330503033843	0.00546559504781	0.585932753117
68391	0.330131345848	0.00544876392944	0.586407950132
68323	0.329803101905	0.00543283649529	0.586876599839
68257	0.329484512196	0.00541736090323	0.587333820935
68169	0.329059725916	0.00540086866644	0.587760064148
68083	0.328644593871	0.00537872840336	0.588449338369
67998	0.328234288942	0.00536201024552	0.588900628757
67921	0.327862600947	0.00534676057452	0.589315772121
67832	0.327432987551	0.00533117202194	0.589705025777
67731	0.326945448753	0.00531298537726	0.590171219448
67650	0.326554452291	0.00529333024575	0.590778097983
67565	0.326144147362	0.00527943610105	0.591109516894
67470	0.325685571265	0.00526362162742	0.591494472547
67385	0.325275266336	0.00524904971958	0.591859678709
67311	0.324918059692	0.00523267044331	0.592349120862
67247	0.324609124216	0.00521775965389	0.592808406354
67162	0.324198819287	0.00520013781184	0.593319610944
67071	0.323759551657	0.00518454925926	0.593716804759
66972	0.323281667093	0.00516591077248	0.594229131175
66878	0.322827918113	0.00514659452254	0.59479362143
66786	0.322383823366	0.00513089300944	0.595198203337
66695	0.321944555736	0.00511191564108	0.595762356073
66613	0.321548732158	0.00509689189113	0.596174843826
66512	0.32106119336	0.00508175518065	0.596525529377
66403	0.320535037627	0.0050641333386	0.596966754769
66237	0.319733736237	0.00504572077288	0.597240881836
66151	0.319318604191	0.00502843781241	0.597753600925
66064	0.318898645028	0.00501217149667	0.598216145244
65976	0.318473858749	0.00499511445725	0.598715016879
65890	0.318058726703	0.00498099439151	0.599081692958
65793	0.317590496372	0.00496676136524	0.599415098121
65696	0.317122266042	0.00494970432582	0.599886772467
65595	0.316634727244	0.00493343801009	0.600307498009
65507	0.316209940964	0.00491807537856	0.600733642074
65440	0.315886524138	0.0049025997865	0.601244016501
65332	0.315365195522	0.00488305761552	0.601805453206
65241	0.314925927893	0.00486656537873	0.602282063828
65133	0.314404599277	0.00485063794457	0.602670392509
65059	0.314047392633	0.00483538827357	0.603152088258
64976	0.313646741938	0.00482047748414	0.60358569438
64883	0.313197820074	0.00480387228683	0.604068522484
64795	0.312773033795	0.00478738005004	0.604566320818
64707	0.312348247515	0.00477314702377	0.604953160936
64616	0.311908979885	0.00475699366856	0.605426879544
64522	0.311455230905	0.00474253472124	0.605806245658
64435	0.311035271743	0.00472694616866	0.606270170586
64344	0.310596004113	0.00471305202397	0.60663542855
64260	0.310190526301	0.00470006156349	0.60698227982
64163	0.30972229597	0.00468548965564	0.607362601995
64046	0.309157523303	0.00467046590569	0.607693183543
63953	0.308708601439	0.00465747544521	0.608010724064
63880	0.308356221912	0.00464279057683	0.608491060287
63777	0.307859028881	0.00463092972161	0.608715985989
63681	0.307395625667	0.0046173744585	0.609055347801
63602	0.307014283439	0.00460381919538	0.609459744342
63502	0.306531571758	0.00458969912964	0.609816292626
63425	0.306159883763	0.0045729809718	0.610395734688
63322	0.305662690731	0.00455897386658	0.610738708153
63237	0.305252385802	0.00454564452452	0.611115406173
63139	0.304779328355	0.00452903932721	0.611616440479
63050	0.304349714959	0.00451435445883	0.612052730697
62965	0.30393941003	0.00449989551151	0.612494041887
62886	0.303558067802	0.00448272551157	0.613103246563
62802	0.30315258999	0.00446668511689	0.613636363636
62713	0.302722976593	0.00445301689325	0.614026670844
62629	0.302317498781	0.00443731538014	0.614546025454
62532	0.30184926845	0.00442296939335	0.614945863286
62426	0.301337594068	0.00440647715656	0.615428599596
62357	0.301004523008	0.00438942011714	0.616084572445
62262	0.300545946911	0.00437541301192	0.616479860589
62168	0.300092197931	0.00436208366986	0.616843943483
62057	0.299556387965	0.00434841544622	0.617163258811
61969	0.299131601686	0.00433282689364	0.617676375017
61884	0.298721296757	0.0043187068279	0.618122977346
61799	0.298310991828	0.00430413492005	0.6185962243
61710	0.297881378431	0.00429227406483	0.61890720905
61605	0.297374531166	0.00428063913066	0.619145728643
61508	0.296906300836	0.00426629314386	0.619565655345
61418	0.296471860323	0.00425070459128	0.620083191988
61332	0.296056728277	0.00423681044659	0.620524286972
61239	0.295607806413	0.00422325518348	0.620921460872
61151	0.295183020134	0.00420924807826	0.621364846465
61056	0.294724444037	0.00419524097304	0.621783186517
60966	0.294290003524	0.00418360603887	0.622089345115
60867	0.293812118959	0.00416880820997	0.622540195557
60775	0.293368024213	0.00415378446002	0.623032999477
60692	0.292967373517	0.0041388736706	0.623556487075
60602	0.292532933004	0.00412554432853	0.623965240311
60515	0.292112973842	0.0041118761049	0.624406702712
60405	0.291581990993	0.00409865972336	0.624734975023
60310	0.291123414896	0.00408352301288	0.625233257309
60223	0.290703455733	0.00406962886819	0.625693506494
60118	0.290196608468	0.00405991426296	0.625844533047
60020	0.28972355102	0.00404602011827	0.626265155784
59926	0.28926980204	0.0040322389341	0.626696785259
59825	0.288782263242	0.00401913551309	0.627063571092
59740	0.288371958313	0.00400648393419	0.627468279976
59642	0.287898900866	0.00399394531581	0.627817134917
59552	0.287464460352	0.0039803900527	0.628258553208
59459	0.287015538489	0.00396739959221	0.628656918409
59382	0.286643850495	0.00395327952647	0.629186577523
59290	0.286199755748	0.00394017610546	0.629599345871
59198	0.285755661001	0.00392639492129	0.630054173718
59120	0.28537914589	0.00391171005292	0.630620059947
59030	0.284944705377	0.00390041400033	0.630938765912
58926	0.284442685229	0.00388719761879	0.631318434078
58829	0.283974454898	0.00387420715831	0.631714021863
58720	0.283448299165	0.0038606518952	0.632097914895
58633	0.283028340003	0.00384596702682	0.632639188606
58532	0.282540801205	0.00383444505318	0.632935756999
58428	0.282038781056	0.00382111571111	0.633331526747
58325	0.281541588025	0.00380891597431	0.633664334449
58228	0.281073357694	0.00379649031646	0.634036390562
58130	0.280600300247	0.0037831609744	0.634461531745
58038	0.2801562055	0.00377130011917	0.634822366118
57941	0.279687975169	0.00375898742185	0.635192615493
57830	0.279152165203	0.0037474654482	0.635459590132
57733	0.278683934873	0.00373402314561	0.6359030279
57619	0.278133643556	0.00372058084302	0.636280312735
57527	0.277689548809	0.00370860702727	0.636656411164
57435	0.277245454063	0.00369798873784	0.636949385619
57337	0.276772396615	0.00368341682999	0.637467341153
57230	0.276255895116	0.00367065229056	0.637837837838
57130	0.275773183435	0.00365720998797	0.638281232543
57023	0.275256681936	0.00364421952749	0.638669862461
56928	0.274798105839	0.00363021242227	0.639173637231
56816	0.274257468756	0.0036190293302	0.639430976658
56701	0.273702350323	0.00360344077762	0.639958916942
56592	0.273176194591	0.00358909479083	0.640434561195
56473	0.27260176769	0.00357553952771	0.640821097066
56372	0.272114228892	0.00356221018565	0.641268613421
56262	0.271583246043	0.00354921972517	0.641659633676
56157	0.271076398778	0.00353363117259	0.642242020151
56049	0.270555070162	0.00352233511999	0.642535337208
55962	0.270135111	0.00351092610687	0.642923612467
55857	0.269628263734	0.00349748380428	0.643372994391
55749	0.269106935119	0.00348686551485	0.643626539825
55624	0.268503545517	0.0034748916991	0.643900632047
55485	0.267832576281	0.00346144939651	0.644215586104
55364	0.267248495146	0.00344721637024	0.644659470663
55249	0.266693376713	0.00343388702818	0.645070521203
55143	0.266181702331	0.00341637814666	0.645800883038
55024	0.26560727543	0.00340361360722	0.646162879455
54883	0.26492665196	0.0033882509757	0.646610429086
54756	0.264313608125	0.00337480867311	0.646989318461
54626	0.26368608294	0.00336362558104	0.647204483253
54523	0.263188889908	0.00335063512056	0.647656946012
54408	0.262633771475	0.0033373057785	0.648084619783
54297	0.262097961509	0.00332646156801	0.648361096185
54194	0.261600768477	0.00331200262068	0.648921138971
54081	0.261055304277	0.00329833439704	0.649387608069
53969	0.260514667194	0.00328444025235	0.649876572942
53848	0.25993058606	0.00326839985767	0.650479572854
53737	0.259394776094	0.00325450571298	0.650978824442
53608	0.258772078026	0.0032415152525	0.651341368585
53482	0.258163861307	0.00322886367359	0.651694977213
53335	0.257454275136	0.00321282327891	0.652200496472
53201	0.256807441483	0.00319994577895	0.652540813698
53097	0.256305421335	0.0031853738711	0.653131765401
52959	0.255639279215	0.00317227045009	0.65347597542
52835	0.25504071673	0.00315826334487	0.653947075278
52703	0.254403537311	0.00314425623966	0.654386749112
52575	0.253785666359	0.00312765104234	0.655034075477
52463	0.253245029276	0.00311330505555	0.655590822753
52344	0.252670602376	0.00309918498981	0.656104286789
52222	0.252081694125	0.0030865334109	0.656500641138
52094	0.251463823173	0.00307004117411	0.657155111515
51966	0.250845952221	0.00305580814784	0.657647624592
51823	0.250155674517	0.00304123624	0.658103268737
51698	0.249552284916	0.00302564768742	0.658715900259
51563	0.248900624146	0.00301254426641	0.659103691584
51398	0.248104149872	0.00299672979277	0.659566004081
51272	0.247495933154	0.00298227084545	0.660100678485
51135	0.246834618151	0.0029672470955	0.660633308786
50996	0.246163648914	0.00295041597714	0.661298061337
50872	0.24556508643	0.00293505334561	0.661921800794
50719	0.244826537557	0.00291991663513	0.66240465991
50580	0.244155568321	0.00290929834569	0.662605619965
50449	0.243523216018	0.00289709860889	0.66296520185
50315	0.242876382366	0.00288015453	0.663681211418
50155	0.242104043676	0.00286705110899	0.663988032197
50005	0.241379976154	0.00285157551694	0.66452710335
49850	0.240631773048	0.00283689064856	0.664985859879
49715	0.239980112279	0.00282197985914	0.665555510931
49558	0.239222254939	0.00279633781975	0.666881972199
49395	0.238435434899	0.00277239018825	0.668059725716
49257	0.237769292779	0.00275714051725	0.668662186927
49100	0.23701143544	0.00273703354363	0.669575889813
48947	0.236272886568	0.00272042834631	0.670231411749
48764	0.235389524191	0.00270043433322	0.671033438833
48614	0.234665456669	0.00268665314906	0.671482637642
48457	0.23390759933	0.00266824058333	0.672285579511
48311	0.233202840276	0.00265344275443	0.672845782092
48169	0.232517389688	0.0026354820308	0.673692307692
48030	0.231846420452	0.00261966755717	0.674379747546
47896	0.231199586799	0.00260441788617	0.67504791972
47741	0.230451383693	0.00258374610992	0.67608406265
47603	0.229785241573	0.00256555946524	0.676996373462
47437	0.228983940182	0.00255076163635	0.677497215002
47267	0.228163330324	0.00253246203114	0.678285451884
47108	0.227395818751	0.00251642163646	0.678936369532
46911	0.22644487674	0.0024978961102	0.679633171071
46744	0.225638748232	0.00248422788657	0.680051210428
46588	0.224885718009	0.00246615420241	0.680912014031
46388	0.223920294647	0.00244887124194	0.681504987733
46195	0.222988661103	0.00243068459727	0.682217594849
46030	0.222192186829	0.00241170722891	0.683140397744
45844	0.221294343102	0.00239532795265	0.683738758222
45670	0.220454424777	0.00237917459744	0.684379308278
45497	0.219619333568	0.00236019722908	0.685288668645
45329	0.218808377944	0.00234234946598	0.686127298872
45164	0.21801190367	0.00232280729499	0.687145313189
44965	0.217051307425	0.00230597617663	0.687759066367
44776	0.216138982347	0.00228869321616	0.688469640359
44582	0.215202521686	0.00226948992675	0.689344857978
44386	0.214256406791	0.00225164216365	0.690091574807
44210	0.213406834232	0.00223311663739	0.691007986996
44037	0.212571743024	0.0022157207164	0.691840005027
43822	0.211533912909	0.00219956736119	0.692356305495
43614	0.210529872612	0.00218239736124	0.693011726571
43392	0.20945825268	0.00216375887446	0.693750299775
43200	0.208531446252	0.0021438778219	0.694768330144
43020	0.207662565226	0.00212828926931	0.695430077108
42791	0.206557155477	0.0021086341378	0.696264115331
42589	0.205582077881	0.0020872845984	0.697414315424
42348	0.204418742729	0.00206921091425	0.698051626941
42117	0.203303678746	0.00205079834852	0.698782187417
41892	0.202217577463	0.00202910992754	0.699891404227
41675	0.201170093115	0.00201069736181	0.70071458596
41469	0.200175707052	0.00199070334871	0.701770121167
41268	0.199205456573	0.00197217782246	0.702709145708
41062	0.19821107051	0.00195195788832	0.703815433136
40823	0.197057389592	0.00193207683575	0.704731817633
40585	0.195908535791	0.00191264762529	0.705617469618
40368	0.194861051443	0.00189095920431	0.706871191427
40088	0.193509458735	0.00187322440173	0.707381200261
39832	0.192273716832	0.00185447295443	0.708137033547
39556	0.190941432592	0.00183447894133	0.70893970894
39276	0.189589839885	0.00181369420456	0.709824333116
39051	0.188503738602	0.00179324834936	0.710974766049
38802	0.187301786516	0.00177460986258	0.711806574699
38521	0.185945366692	0.00175359920476	0.712757886946
38267	0.184719279022	0.00173224966535	0.713909928734
37996	0.183411130366	0.00170977052069	0.715124595347
37699	0.181977476673	0.00168955058655	0.715948799757
37374	0.180408663709	0.00166876584977	0.716704700175
37062	0.178902603264	0.00164391453407	0.718047079337
36752	0.177406197053	0.00161714288942	0.719667893789
36453	0.175962889126	0.00159025828424	0.721398745325
36120	0.174355459228	0.00157195867904	0.721880246223
35803	0.172825263199	0.00154688144228	0.723336767885
35444	0.171092328263	0.00151999683711	0.724826175869
35128	0.169566959351	0.00149356407403	0.726535677353
34727	0.167631285509	0.00146148328467	0.728563935802
34365	0.165883869224	0.00143392091634	0.730253511549
34000	0.164121971588	0.00140556782432	0.732080184312
33607	0.162224914681	0.00137879617968	0.73356907428
33155	0.160043057882	0.00135100789029	0.734899700765
32704	0.1578660282	0.00131440867989	0.737573297249
32237	0.155611764649	0.00127588914054	0.740535697877
31739	0.153207860477	0.0012408713775	0.742884561371
31236	0.150779820721	0.00120958131181	0.744707228686
30731	0.148342126731	0.00117738756192	0.746731787919
30216	0.145856161573	0.00114067539098	0.749516297068
29651	0.143128840575	0.00110441506216	0.752029014913
29029	0.140126373918	0.00106849361491	0.754235086261
28414	0.137157697079	0.00102455197031	0.75803009284
27724	0.133826986479	0.000981175128351	0.761439165065
26946	0.1300714896	0.00093858901007	0.764317118139
26144	0.126200141917	0.000893856641797	0.767654226738
25336	0.122299831534	0.000844041049855	0.772250670568
24380	0.117685107862	0.000784736773734	0.7782424107
23374	0.11282902835	0.000728482431814	0.783757502599
22243	0.107369559236	0.000666354142545	0.790384478715
20813	0.100466782196	0.000594511248044	0.798166896763
19164	0.0925068665737	0.000527525656159	0.804061424855
17033	0.0822202806486	0.000438851643293	0.814274787265
13877	0.0669858999918	0.000321033814733	0.830013756804
0.78895317328
