tp>=0.999:  6213 fp>=0.999:  844
207163	1.0	1.0	0.0228661452505
178761	0.862900228323	0.656001197382	0.0298626319931
171726	0.828941461554	0.589749284113	0.0318449273723
167437	0.80823795755	0.54958967089	0.0332694055471
164299	0.793090464996	0.520139280328	0.0344521075046
161549	0.779815893765	0.497276973562	0.0353981622203
159311	0.769012806341	0.479007302898	0.0362087324523
157279	0.75920410498	0.463768476106	0.0368951917012
155472	0.750481504902	0.450818907333	0.037495532284
153825	0.742531243514	0.439452480331	0.0380364794132
152256	0.734957497236	0.429282079377	0.0385210522854
150810	0.727977486327	0.420129678684	0.0389682773262
149441	0.721369163412	0.411768114632	0.0393817133461
148168	0.715224243711	0.40404647196	0.0397761103878
147011	0.709639269561	0.39687506001	0.0401624737358
145832	0.70394809884	0.390195704111	0.0405077861769
144808	0.699005131225	0.383998689658	0.0408575780131
143793	0.694105607662	0.378117173954	0.0411880730949
142807	0.689346070486	0.372576799038	0.0415004043766
141818	0.684572051959	0.367402755107	0.0417811476043
140915	0.680213165478	0.36245926361	0.04206869992
140030	0.6759411671	0.357697864481	0.0423485848321
139197	0.671920178796	0.353188819167	0.0426219298229
138352	0.667841265091	0.348807871089	0.0428835425665
137565	0.66404232416	0.344649116366	0.0431424473825
136773	0.660219247646	0.340622977301	0.0433898474996
136068	0.656816130294	0.33677825284	0.0436472396653
135329	0.65324889097	0.332941548576	0.0438988771043
134627	0.649860254968	0.329341044772	0.0441375688159
133942	0.646553679953	0.325809220968	0.0443778561979
133285	0.643382264207	0.322409673939	0.0446147486247
132645	0.640292909448	0.319157879279	0.0448422231222
132076	0.637546279982	0.316070216263	0.0450750562687
131470	0.634621047195	0.312973968247	0.0453013815078
130841	0.63158479072	0.310014402467	0.0455053229413
130335	0.629142269614	0.307212416621	0.0457319159194
129808	0.626598379054	0.304429747025	0.0459526950055
129225	0.623784169953	0.301674526837	0.0461543571713
128698	0.621240279394	0.299045370595	0.0463602495928
128219	0.618928090441	0.296513360406	0.0465717789236
127714	0.616490396451	0.294009364428	0.046773529597
127195	0.613985122826	0.291548858251	0.0469670534585
126634	0.611277110295	0.289159065365	0.0471379042591
126175	0.609061463678	0.286822702807	0.0473396025087
125709	0.606812027244	0.284565073735	0.0475294759957
125242	0.604557763693	0.282383693018	0.0477096750354
124803	0.602438659413	0.280145267236	0.0479121294241
124367	0.600334036483	0.278076508164	0.048090914399
123933	0.598239067787	0.276063551592	0.0482637654328
123495	0.596124790624	0.274024388178	0.0484420066864
123042	0.593938106708	0.27204690121	0.048606727245
122637	0.5919831244	0.270085680559	0.0487891722307
122260	0.590163301362	0.268213924644	0.0489693446936
121839	0.588131085184	0.266435361163	0.0491187656672
121434	0.586176102876	0.264587326959	0.0492886201549
121053	0.58433697137	0.262852818083	0.0494498155022
120669	0.582483358515	0.261136834733	0.0496085794324
120254	0.580480105038	0.259384478094	0.049763831402
119896	0.57875199722	0.257668833626	0.0499369415747
119459	0.576642547173	0.256046720474	0.0500634704174
119082	0.574822724135	0.254418507453	0.0502167532555
118686	0.572911185878	0.252821358576	0.0503584271212
118328	0.571183078059	0.2512456722	0.0505131657473
117967	0.56944048889	0.249696192665	0.0506635343835
117626	0.567794442058	0.248097236421	0.0508335551768
117291	0.566177357926	0.246600509452	0.0509881283747
116880	0.564193412916	0.24510739722	0.0511122869775
116507	0.562392898346	0.243623999593	0.0512518558436
116186	0.560843393849	0.242087171638	0.0514256855777
115844	0.5591925199	0.240644891643	0.0515735763998
115530	0.557676805221	0.239243277437	0.0517267548614
115218	0.556170744776	0.237884927112	0.0518735958724
114881	0.55454400641	0.236547022643	0.0520070857227
114555	0.55297036633	0.235171276397	0.0521547555959
114246	0.551478787235	0.233737242521	0.0523238559338
113875	0.549687926898	0.232396514038	0.0524479550479
113550	0.548119113934	0.231123787792	0.0525789865568
113255	0.546695114475	0.229858968783	0.0527229441985
112997	0.545449718338	0.228567604051	0.0528906688086
112705	0.544040200229	0.227248225108	0.0530512781166
112352	0.542336227994	0.225992104059	0.053172271781
112053	0.540892920068	0.224737451498	0.0533185824917
111733	0.539348242688	0.22349861341	0.0534533997229
111421	0.537842182243	0.222274799071	0.0535898942929
111089	0.536239579462	0.221083404404	0.0537112543231
110819	0.534936257923	0.219897544803	0.0538611272445
110550	0.5336377635	0.218674521189	0.0540217230364
110253	0.532204109807	0.217514190666	0.0541562900635
109955	0.530765628997	0.216356119354	0.0542912584927
109681	0.529442998991	0.21524266745	0.0544282333465
109426	0.528212084204	0.214133846927	0.0545744355082
109191	0.527077711754	0.213008082326	0.0547357055097
108897	0.525658539411	0.211907056079	0.0548644825064
108614	0.524292465353	0.210801398451	0.0550009747995
108366	0.523095340384	0.20974431385	0.0551436295994
108093	0.521777537495	0.208706319577	0.0552708318313
107824	0.520479043072	0.207663806883	0.0554023509415
107554	0.519175721533	0.206619260899	0.0555351885338
107326	0.5180751389	0.205593692284	0.0556850638822
107091	0.51694076645	0.204596928603	0.0558255261386
106861	0.515830529583	0.203591241041	0.0559721095359
106578	0.514464455525	0.202573353742	0.0560969614541
106347	0.513349391542	0.201558064534	0.0562483140897
106115	0.512229500442	0.200564124867	0.0563949833098
105851	0.510955141603	0.199573348094	0.056526099485
105605	0.509767670868	0.198567321649	0.056671703913
105312	0.508353325642	0.197557341587	0.0567959107289
105053	0.507103102388	0.196575488695	0.0569310565896
104820	0.505978384171	0.195630460935	0.0570707389686
104586	0.504848838837	0.194705540149	0.0572056495679
104351	0.503714466386	0.193785137784	0.0573400305408
104107	0.502536649884	0.192841804431	0.057477413613
103897	0.501522955354	0.191923548316	0.0576267839721
103676	0.500456162539	0.190982587135	0.057778238476
103446	0.499345925672	0.18999361773	0.057940184598
103191	0.498115010885	0.18905502872	0.0580759318989
102982	0.497106143472	0.188159477671	0.0582249481538
102796	0.496208299745	0.187289342739	0.0583801822237
102570	0.495117371345	0.186417852282	0.0585157302743
102365	0.494127812399	0.1855326936	0.058667909201
102186	0.49326375849	0.184673967682	0.0588276608483
101993	0.492332124945	0.183836704264	0.0589747518698
101750	0.49115913556	0.182947253082	0.0591116807005
101560	0.490241983366	0.182066838743	0.0592762415268
101351	0.489233115952	0.181193653878	0.0594296336039
101136	0.488195285838	0.180319791249	0.0595813470135
100912	0.487114011672	0.179501279278	0.0597121612522
100710	0.486138934076	0.178658480794	0.0598640798283
100510	0.485173510714	0.177819297047	0.0600173644907
100316	0.484237050052	0.177013775536	0.0601646797896
100071	0.483054406434	0.176172897381	0.0602957940986
99900	0.482228969459	0.175330324818	0.0604707639897
99730	0.481408359601	0.174470469295	0.0606535721931
99529	0.480438109122	0.17361693956	0.0608182467573
99335	0.47950164846	0.172805092261	0.0609747114696
99144	0.478579669149	0.172009850158	0.0611287962725
98921	0.4775032221	0.171187384568	0.0612748028194
98745	0.476653649542	0.170370341084	0.0614477894477
98545	0.475688226179	0.16956391589	0.0616046785673
98365	0.474819345153	0.168805160037	0.0617584310791
98155	0.473805650623	0.168040643197	0.0618977651095
97963	0.472878844195	0.167254212016	0.0620566499811
97761	0.471903766599	0.166447786821	0.062218021785
97573	0.470996268639	0.165686319916	0.0623734287263
97406	0.470190140131	0.164936826826	0.0625386026886
97233	0.469355048923	0.16421613867	0.0626912902221
97038	0.468413761145	0.163466871502	0.0628422183553
96850	0.467506263184	0.162700660254	0.0630049011763
96669	0.466632555041	0.161974098151	0.0631588644485
96463	0.465638168978	0.161208564667	0.0633131309949
96268	0.4646968812	0.160476693419	0.0634631409073
96061	0.46369766802	0.159731718751	0.0636119223103
95859	0.462722590424	0.159003914082	0.0637587173629
95692	0.461916461916	0.158287066585	0.0639245613754
95503	0.461004136839	0.157579933692	0.0640743426883
95327	0.46015456428	0.156831683168	0.0642493814463
95136	0.459232584969	0.156099021197	0.0644105113925
94986	0.458508517448	0.155351900278	0.0646048119315
94811	0.457663772006	0.154624321531	0.0647772753794
94635	0.456814199447	0.153902616731	0.0649483453562
94453	0.455935664187	0.153212427917	0.0651045741317
94311	0.4552502136	0.152480782591	0.0653046386506
94123	0.454342715639	0.151732193185	0.0654834748549
93981	0.453657265052	0.151021897398	0.06567849468
93810	0.452831828077	0.150315216348	0.0658547783149
93628	0.451953292818	0.14960695385	0.0660260668554
93483	0.45125336088	0.148916539115	0.0662159855332
93340	0.450563083176	0.148230077999	0.0664072699384
93173	0.449756954669	0.147525430238	0.0665919077392
93017	0.449003924446	0.146773339057	0.066805760046
92863	0.448260548457	0.146069820901	0.0670022684506
92709	0.447517172468	0.145398835377	0.0671865692085
92544	0.446720698194	0.144712600182	0.0673716579526
92387	0.445962840855	0.143991460184	0.0675791625003
92232	0.445214637749	0.143312228542	0.0677715524368
92074	0.444451953293	0.14265671861	0.0679530969088
91907	0.443645824785	0.141960316967	0.0681483162197
91752	0.44289762168	0.141300740456	0.0683371094815
91595	0.44213976434	0.140641615787	0.0685259971601
91444	0.441410869702	0.139935838421	0.0687421208242
91275	0.440595086961	0.13925039395	0.0689383010702
91138	0.439933771957	0.138549586847	0.0691660804041
91000	0.439267629837	0.137866062704	0.0693872571446
90848	0.438533908082	0.137217217443	0.0695841860807
90687	0.437756742275	0.136567242577	0.0697769970662
90522	0.436960268002	0.135916702908	0.0699689660636
90370	0.436226546246	0.135276668568	0.0701670203358
90233	0.435565231243	0.134665552123	0.0703636987476
90070	0.434778411203	0.134025856664	0.0705571405518
89936	0.43413157755	0.133368426403	0.0707823075712
89817	0.433557150649	0.132745675024	0.0710033771605
89662	0.432808947544	0.132103833315	0.0712094293604
89493	0.431993164803	0.131464137857	0.0714059454288
89361	0.431355985383	0.130815179635	0.0716365432067
89217	0.430660880563	0.130156393848	0.0718653892316
89074	0.429970602859	0.12953816089	0.072076256443
88941	0.429328596323	0.128903548655	0.0723051121107
88801	0.428652799969	0.128226576223	0.0725530374706
88625	0.42780322741	0.127588914054	0.0727552591072
88465	0.42703088872	0.126957464714	0.0729683472523
88315	0.426306821199	0.126340022479	0.0731836265568
88163	0.425573099443	0.125707669455	0.0734074432415
88009	0.424829723454	0.125074864589	0.0736321096872
87870	0.424158754218	0.124493682683	0.0738422597563
87722	0.42344434093	0.123888779066	0.0740603782633
87577	0.422744408992	0.123272466437	0.0742892527982
87442	0.422092748222	0.122666207294	0.0745225475833
87311	0.42146039592	0.122013634335	0.0747874650415
87161	0.420736328398	0.12140240493	0.0750163095773
87024	0.420075013395	0.120816591642	0.0752431108855
86914	0.419544030546	0.120202312302	0.075510220039
86755	0.418776518973	0.119581933093	0.0757439504371
86627	0.418158648021	0.118972849938	0.0759984629583
86505	0.41756973977	0.118371335137	0.0762558345564
86368	0.416908424767	0.117775920205	0.0764997604068
86227	0.416227801297	0.117142211654	0.0767659088036
86100	0.415614757462	0.116543069025	0.0770252680452
85962	0.414948615342	0.115930145211	0.0772865117676
85825	0.414287300338	0.115319706529	0.0775496742597
85690	0.413635639569	0.114714576991	0.0778138388584
85557	0.412993633033	0.11411938798	0.0780760638647
85432	0.412390243432	0.113492795942	0.0783676284968
85316	0.411830297881	0.112902916076	0.0786463201715
85194	0.41124138963	0.112317328709	0.0789198703103
85069	0.410638000029	0.11172473779	0.0791981223857
84936	0.409995993493	0.111148413187	0.0794615743002
84820	0.409436047943	0.110560905492	0.0797497501356
84670	0.408711980421	0.109979271743	0.0800073326668
84550	0.408132726404	0.109370527469	0.0803120152664
84418	0.407495546985	0.108767657142	0.0806053661797
84305	0.406950082785	0.108185910434	0.0809040369968
84170	0.406298422016	0.107576714317	0.0812052765581
84034	0.405641934129	0.107001519319	0.0814850656611
83912	0.405053025878	0.106416948597	0.0817868504772
83781	0.404420673576	0.105826503928	0.0820878558845
83672	0.403894517843	0.105247807154	0.0824034808163
83549	0.403300782476	0.104639062879	0.0827314478325
83429	0.402721528458	0.104066465973	0.0830392965811
83326	0.402224335427	0.10350301887	0.0833591769524
83219	0.401707833928	0.102917883346	0.0836948049662
83109	0.401176851079	0.102354888084	0.0840145933012
82987	0.400587942828	0.101792231705	0.0843262698172
82872	0.400032824394	0.101249569338	0.0846324393714
82743	0.399410126326	0.100701033024	0.0849330845174
82619	0.398811563841	0.100170457434	0.0852275599267
82476	0.398121286137	0.099610173225	0.0855302865321
82347	0.397498588068	0.0990624276347	0.0858396434111
82230	0.396933815401	0.0985147950049	0.0861636281143
82112	0.396364215618	0.0979558663225	0.0864991504096
82010	0.395871849703	0.0973944525086	0.0868557702797
81889	0.395287768569	0.0968595844182	0.0871759604749
81780	0.394761612836	0.0963175998147	0.0875170956909
81676	0.394259592688	0.095767820935	0.0878732617876
81564	0.393718955605	0.0952121681079	0.08823033088
81445	0.393144528704	0.0946397971229	0.0885986306347
81330	0.392589410271	0.0940512727827	0.0889890177945
81215	0.392034291838	0.0934795795609	0.0893693253532
81095	0.39145503782	0.0928928625892	0.089762165405
80977	0.390885438037	0.0923354023936	0.0901356871737
80850	0.390272394202	0.0917620147639	0.0905185588236
80735	0.389717275768	0.09119630845	0.0909112406313
80616	0.389142848868	0.0906535331229	0.0912833752293
80489	0.388529805033	0.0901147114141	0.0916477558033
80366	0.387936069665	0.0895806340474	0.09201595618
80251	0.387380951232	0.0890461048387	0.0923970548446
80160	0.386941683602	0.0885269382614	0.0927930284838
80043	0.386376910935	0.0879892461579	0.0931836676248
79938	0.38587006367	0.087469288857	0.09357430236
79823	0.385314945236	0.086948879714	0.0939590442481
79707	0.384754999686	0.0864214670184	0.0943539394341
79595	0.384214362603	0.0858855822833	0.0947661058923
79470	0.383610973002	0.0853379496535	0.095180834003
79341	0.382988274933	0.0848089555105	0.0955771721126
79237	0.382486254785	0.0843071848543	0.0959774897375
79139	0.382013197337	0.0837715260402	0.0964240763507
79044	0.38155462124	0.083237109792	0.0968779759607
78932	0.381013984157	0.0826956899911	0.0973257970328
78838	0.380560235177	0.0821463629535	0.0978077069565
78725	0.380014770977	0.0816100263763	0.0982600881189
78604	0.379430689843	0.081062280786	0.0987214588933
78491	0.378885225644	0.080511598222	0.099200992882
78405	0.378470093598	0.0799569620396	0.0997219664325
78268	0.377808778595	0.079397129673	0.100196762949
78136	0.377171599176	0.0788563876353	0.100661664674
78035	0.376684060378	0.0783197121766	0.101163900167
77908	0.376071016543	0.0777804386257	0.101645072025
77820	0.375646230263	0.077254946259	0.102162049332
77712	0.375124901647	0.0767372481686	0.102652435803
77610	0.374632535733	0.076218646394	0.103157186777
77485	0.374029146131	0.0757024167905	0.103637788704
77377	0.373507817516	0.0751858483053	0.104145383871
77274	0.373010624484	0.074679559228	0.104652580087
77154	0.372431370467	0.074161296335	0.10516057453
77068	0.372016238421	0.0736180691657	0.105748899192
76978	0.371581797908	0.0730975470622	0.106310723189
76896	0.371185974329	0.0725878691691	0.10687555508
76790	0.370674299947	0.0720754802234	0.107421287573
76710	0.370288130602	0.0715632042383	0.108006656961
76611	0.369810246038	0.0710495727268	0.108577526829
76495	0.369250300488	0.0705306320706	0.109141676583
76390	0.368743453223	0.0700112395723	0.109728157432
76299	0.368304185593	0.0694956877319	0.110335203609
76208	0.367864917963	0.0689674843126	0.110968572398
76099	0.367338762231	0.0684625507616	0.111553650535
75997	0.366846396316	0.0679347991844	0.112189253026
75906	0.366407128686	0.0674191343835	0.11283043773
75801	0.365900281421	0.0669034695826	0.113461981757
75673	0.365282410469	0.0663707477422	0.114097673507
75576	0.364814180138	0.0658685252439	0.114737348695
75481	0.364355604041	0.0653572659034	0.115402726942
75383	0.363882546594	0.0648595618261	0.11605204738
75290	0.36343362473	0.0643520301831	0.116733025725
75186	0.362931604582	0.0638701405794	0.117366993128
75100	0.362516472536	0.0633763901205	0.118054103677
75020	0.362130303191	0.0628806063721	0.11876266464
74906	0.361580011875	0.0623922780184	0.119421021837
74783	0.360986276507	0.0618994312438	0.120083756586
74691	0.36054218176	0.0613913347981	0.120826572755
74579	0.360001544677	0.0608674238787	0.121579610607
74471	0.359480216062	0.0603616996041	0.122317815095
74375	0.359016812848	0.0598689657899	0.123061217061
74262	0.358471348648	0.0593863984231	0.123772269158
74159	0.357974155617	0.0588823685563	0.1245482211
74046	0.357428691417	0.0584003659921	0.125280012994
73955	0.356989423787	0.0579199448753	0.126052497017
73872	0.356588773092	0.0574449458637	0.126838045919
73773	0.356110888527	0.0569688172468	0.127613311238
73684	0.355681275131	0.0564703224458	0.12845975216
73585	0.355203390567	0.0559792830395	0.129289291048
73483	0.354711024652	0.0555013470543	0.130100545841
73388	0.354252448555	0.0550162945559	0.130949916849
73286	0.35376008264	0.054538019689	0.131787545946
73169	0.353195309973	0.0540672002169	0.132598897803
73053	0.352635364423	0.0535742404817	0.133472311799
72959	0.352181615443	0.053090430549	0.134375172668
72868	0.351742347813	0.0526035706822	0.135304308429
72767	0.351254809015	0.0521071091707	0.136254266899
72657	0.350723826166	0.0516199104223	0.137184449521
72547	0.350192843317	0.0511444595686	0.138102952346
72466	0.349801846855	0.0506861787148	0.139044041038
72390	0.349434985977	0.0502080168085	0.140056184993
72294	0.348971582763	0.0497597894416	0.140978939158
72204	0.34853714225	0.0493007178641	0.141953342796
72110	0.34808339327	0.0488214263526	0.142987731728
72010	0.347600681589	0.0483458625383	0.144020288041
71909	0.347113142791	0.0478665710268	0.1450787342
71819	0.346678702278	0.0474054661599	0.146127129524
71718	0.34619116348	0.0469410854377	0.147182984417
71642	0.345824302602	0.0464692493208	0.14832159464
71550	0.345380207856	0.0460029482697	0.149436714439
71459	0.344940940226	0.0455487339949	0.150539514542
71367	0.344496845479	0.0450863865622	0.151682993235
71278	0.344067232083	0.0446316074848	0.152830488051
71179	0.343589347519	0.0441738914336	0.153988771945
71073	0.343077673137	0.0437069126194	0.155182916844
70969	0.342575652988	0.0432642203182	0.156329024698
70877	0.342131558242	0.0428087634776	0.157557663922
70791	0.341716426196	0.0423464160449	0.158842100303
70701	0.341281985683	0.0419002219674	0.160091388926
70594	0.340765484184	0.0414378745347	0.161383904588
70497	0.340297253853	0.040984112102	0.16269226775
70407	0.33986281334	0.0405591546034	0.163941946105
70325	0.339466989762	0.0401193992759	0.165280806979
70228	0.338998759431	0.0396724144748	0.166640565308
70146	0.338602935852	0.0392113096079	0.168106981091
70053	0.338154013989	0.0387625174383	0.169536112913
69971	0.33775819041	0.0383332674397	0.170943658049
69873	0.337285132963	0.0378822160596	0.172427578344
69793	0.336898963618	0.0374513846136	0.173901235122
69694	0.336421079054	0.0370155829046	0.175383763652
69604	0.335986638541	0.0365840736954	0.176897857524
69509	0.335528062444	0.0361387833022	0.178487698783
69413	0.33506465923	0.0357076129746	0.180050321643
69317	0.334601256016	0.035291240476	0.181582656167
69238	0.334219913788	0.034862103438	0.183237177791
69162	0.33385305291	0.0344543159393	0.18483913901
69069	0.333404131047	0.0340173846249	0.186565571711
68978	0.332964863417	0.033595138179	0.188266954889
68886	0.33252076867	0.0331775231145	0.18998055682
68795	0.33208150104	0.0327667986422	0.191700012261
68689	0.331569826658	0.0323595759462	0.193404606977
68577	0.331029189575	0.0319541606186	0.195122575799
68494	0.33062853888	0.0315297679226	0.197039261714
68394	0.330145827199	0.0311109102924	0.198930798585
68311	0.329745176504	0.0306992821359	0.200866852309
68238	0.329392796976	0.0303009833214	0.202798366629
68150	0.328968010697	0.0299061862832	0.20471674592
68060	0.328533570184	0.0295038208898	0.206714108253
67978	0.328137746605	0.0291073294437	0.20874238074
67890	0.327712960326	0.0287282339187	0.210700441636
67808	0.327317136747	0.0283396497094	0.212771699055
67716	0.326873042001	0.0279476766844	0.21488479248
67615	0.326385503203	0.0275540092515	0.217034034044
67526	0.325955889807	0.0271811265553	0.219132827737
67429	0.325487659476	0.0267980774118	0.221323232555
67356	0.325135279949	0.0264109616894	0.223652971979
67258	0.324662222501	0.0260283643881	0.225942125384
67159	0.324184337937	0.0256595482709	0.228188261517
67072	0.323764378774	0.0252873433379	0.23054184483
66982	0.323329938261	0.0249007924181	0.233045717069
66899	0.322929287566	0.0245246338667	0.235554053245
66792	0.322412786067	0.0241491530785	0.23805314781
66699	0.321963864204	0.023774914856	0.240642926724
66609	0.321529423691	0.0234068894625	0.243256568136
66520	0.321099810294	0.0230737688715	0.24565705507
66424	0.32063640708	0.0227247208463	0.24822308089
66340	0.320230929268	0.0223686692685	0.250943781633
66245	0.319772353171	0.0220338542696	0.253517946598
66154	0.319333085541	0.0216896635471	0.256246973835
66059	0.318874509444	0.0213589151271	0.258910724224
65969	0.318440068931	0.0210193557861	0.261733969196
65882	0.318020109769	0.0206799094057	0.264635233818
65799	0.317619459073	0.0203554867751	0.26747669706
65714	0.317209154144	0.0200207847368	0.270482525283
65638	0.316842293267	0.0196917307247	0.273534976371
65553	0.316431988338	0.0193736338836	0.276523763926
65445	0.315910659722	0.0190567796084	0.279502707689
65372	0.315558280195	0.0187412808594	0.282650616996
65290	0.315162456616	0.0184265728341	0.285840622729
65196	0.314708707636	0.0181126555325	0.289064959364
65099	0.314240477305	0.0178148915861	0.292175325841
65025	0.313883270661	0.0175147554687	0.295464769149
64941	0.313477792849	0.0172137156671	0.298815615107
64858	0.313077142154	0.016921825668	0.302141516158
64771	0.312657182991	0.0166248524453	0.305602868669
64693	0.31228066788	0.0163268625779	0.309197099828
64609	0.311875190068	0.0160428798156	0.312678155746
64541	0.311546946125	0.0157495213298	0.316430189345
64477	0.311238010649	0.0154737846859	0.320047056254
64394	0.310837359953	0.0151989517263	0.323677398276
64302	0.310393265207	0.0149207299509	0.327419929732
64222	0.310007095862	0.0146505283729	0.331181220928
64143	0.309625753634	0.0143817952816	0.33502036979
64062	0.309234757172	0.0141180324536	0.33887348977
63959	0.30873756414	0.0138572065992	0.342701144498
63884	0.308375530379	0.0136001084421	0.346666232547
63792	0.307931435633	0.0133575821929	0.350424627284
63711	0.307540439171	0.0131127967332	0.354355540229
63622	0.307110825775	0.012855020813	0.358589359891
63561	0.306816371649	0.0126147537743	0.362718634976
63483	0.306439856538	0.012373921933	0.366900736888
63394	0.306010243142	0.0121476619995	0.370870458016
63321	0.305657863615	0.0119305518686	0.374817980561
63244	0.30528617562	0.011705534501	0.379003889278
63169	0.304924141859	0.0114881984491	0.383144295506
63083	0.304509009814	0.0112728956866	0.387302152531
62993	0.304074569301	0.011070018582	0.391280312065
62921	0.30372701689	0.0108686099642	0.395388878765
62842	0.303345674662	0.0106600848334	0.399727756151
62756	0.302930542616	0.0104689556235	0.403746927957
62675	0.302539546154	0.0102781652951	0.407870418576
62604	0.302196820861	0.01008376023	0.412215549937
62542	0.301897539619	0.00989568095429	0.416544007459
62450	0.301453444872	0.00970568134965	0.420904354625
62372	0.301076929761	0.00953770904757	0.424860019345
62279	0.300628007897	0.00936894602181	0.428862614396
62197	0.300232184319	0.00920707358813	0.432813282859
62137	0.29994255731	0.00904463635183	0.43695062093
62058	0.299561215082	0.00888852490497	0.440925077267
61982	0.299194354204	0.00872970240549	0.445071555259
61919	0.298890245845	0.0085747205639	0.449248338509
61835	0.298484768033	0.0084223368144	0.453352395616
61737	0.298011710585	0.00828497681485	0.457036888978
61654	0.29761105989	0.00815224819687	0.460713031392
61590	0.297302124414	0.00801816405257	0.464577738889
61514	0.296935263536	0.0078902927372	0.468271368107
61425	0.29650565014	0.00777586372442	0.471549646098
61335	0.296071209627	0.00766143471164	0.474879799317
61257	0.295694694516	0.00755220188305	0.478144465086
61168	0.29526508112	0.007440935765	0.481486146096
61107	0.294970626994	0.00734266010743	0.484557010205
61043	0.294661691518	0.00724540109459	0.487626214213
60962	0.294270695057	0.00716373063433	0.490127030069
60869	0.293821773193	0.00708906372668	0.492364065811
60794	0.293459739432	0.00700795806905	0.494932143642
60711	0.293059088737	0.00693622813508	0.497162510748
60645	0.292740499027	0.00686675741162	0.49940708533
60578	0.292417082201	0.00680282175394	0.501469358697
60509	0.292084011141	0.00674577668834	0.503289610487
60451	0.291804038366	0.00668918346484	0.50515593141
60383	0.291475794423	0.00662942734661	0.507117602103
60319	0.291166858947	0.00657306004417	0.508986735073
60233	0.290751726901	0.00652188892591	0.51058328883
60178	0.290486235476	0.00647467142607	0.512170627085
60081	0.290018005146	0.00642327438677	0.513758722123
60006	0.289655971385	0.00637910682112	0.515170246742
59900	0.289144297003	0.00633403557127	0.516499530063
59811	0.288714683607	0.00629144945299	0.517812773252
59742	0.288381612547	0.00625134846628	0.519120982248
59671	0.288038887253	0.00620955307168	0.520498595628
59602	0.287705816193	0.00616820951918	0.521876942744
59530	0.287358263783	0.00612438083512	0.523354462096
59448	0.286962440204	0.00608699090103	0.524538090952
59337	0.286426630238	0.00604824544063	0.525664422395
59267	0.286088732061	0.00601356655917	0.526803729678
59207	0.285799105053	0.00597606366455	0.528110533311
59121	0.285383973007	0.00594680688833	0.528971243491
59054	0.28506055618	0.00591291873055	0.530112478568
58967	0.284640597018	0.00588016017803	0.53112896543
58900	0.284317180191	0.00584875715181	0.532179224229
58849	0.284070997234	0.00581543379666	0.533385902421
58782	0.283747580408	0.0057816585994	0.534551902878
58719	0.283443472049	0.00575025557319	0.535640005838
58650	0.283110400989	0.00572393577064	0.536488538446
58569	0.282719404527	0.00569117721812	0.537571936008
58480	0.282289791131	0.00566203340243	0.538470037936
58419	0.281995337005	0.00563277662621	0.539497986776
58360	0.281710537113	0.00560205136315	0.540605633933
58284	0.281343676236	0.00557313346851	0.541567166259
58212	0.280996123825	0.00554421557387	0.542551704212
58146	0.280677534116	0.0055177828108	0.543456113951
58071	0.280315500355	0.00549225373193	0.54428635699
57998	0.279963120828	0.00546548208728	0.545186215713
57928	0.279625222651	0.00543486978475	0.546279269339
57860	0.279296978708	0.00541205175851	0.547030849666
57762	0.27882392126	0.00538799116649	0.547714773374
57685	0.278452233266	0.00535760478501	0.548785128527
57580	0.277945386	0.00533094610089	0.549569068367
57513	0.277621969174	0.00530338373255	0.550563841397
57454	0.277337169282	0.00528056570631	0.551376666251
57392	0.27703788804	0.00525876432481	0.552132838204
57306	0.276622755994	0.00523538149594	0.552863882377
57195	0.276086946028	0.00520827096971	0.553667886391
57117	0.275710430917	0.00518500110137	0.554437088664
57032	0.275300125988	0.00516094050934	0.555218068536
56948	0.274894648176	0.00513608919363	0.556045930323
56862	0.27447951613	0.00511191564108	0.556837322261
56799	0.274175407771	0.00509282531219	0.557486945939
56720	0.273794065543	0.00507091097016	0.558207280708
56649	0.273451340249	0.00504865774655	0.558982860188
56579	0.273113442072	0.00502968037819	0.559606349834
56511	0.272785198129	0.00500720123353	0.560413732918
56440	0.272442472835	0.00498517393097	0.561189993239
56369	0.272099747542	0.00496540583893	0.561858341806
56293	0.271732886664	0.00494541182584	0.562519360867
56224	0.271399815604	0.00492507893117	0.563231287065
56153	0.271057090311	0.00490406827334	0.563971998755
56091	0.270757809068	0.00488588162866	0.564613866967
56035	0.270487490527	0.00486746906294	0.565296343001
55968	0.2701640737	0.0048359530762	0.566598163577
55889	0.269782731472	0.00481516833942	0.567308863535
55814	0.269420697711	0.00479551320791	0.567983147954
55741	0.269068318184	0.00477845616849	0.568536254501
55648	0.268619396321	0.0047493123528	0.569626990951
55572	0.268252535443	0.00472954426076	0.570314344065
55503	0.267919464383	0.00470955024767	0.57104789341
55426	0.267547776389	0.00468436005038	0.572021260127
55344	0.26715195281	0.00466515676097	0.57266434196
55270	0.266794746166	0.00464493682683	0.573399730262
55203	0.26647132934	0.00462279656374	0.574271536613
55125	0.266094814228	0.00460280255065	0.574985397196
55060	0.265781051636	0.00458529366913	0.575628319324
54992	0.265452807692	0.00456450893235	0.5764360587
54921	0.265110082399	0.00454417603768	0.577210480404
54855	0.264791492689	0.00452565051143	0.577913800188
54779	0.264424631812	0.00450712498517	0.578576030588
54698	0.26403363535	0.00448837353787	0.579231616401
54630	0.263705391407	0.00447244610371	0.57979474226
54574	0.263435072865	0.00445606682745	0.580438620748
54513	0.26314061874	0.0044414949196	0.580963850286
54464	0.262904090016	0.00442556748544	0.581619358835
54397	0.26258067319	0.00440896228813	0.582234447917
54323	0.262223466546	0.00439145340661	0.582871060848
54263	0.261933839537	0.00437642965666	0.583435477281
54195	0.261605595594	0.00435959853829	0.584067076916
54102	0.26115667373	0.00434231557782	0.584614719644
54032	0.260818775554	0.00432604926209	0.585211580327
53965	0.260495358727	0.00431147735424	0.585729326083
53901	0.260186423251	0.00429577584113	0.586326552812
53837	0.259877487775	0.00428109097276	0.586868841022
53770	0.259554070949	0.0042651635386	0.58747050083
53702	0.259225827006	0.00424957498602	0.588051072031
53618	0.258820349194	0.00423421235449	0.588549098812
53549	0.258487278134	0.0042172682756	0.589208102725
53495	0.258226613826	0.00420134084144	0.589879587156
53429	0.257908024116	0.00418710781517	0.590401785714
53361	0.257579780173	0.0041719711047	0.590969499635
53294	0.257256363347	0.00415480110475	0.591662503469
53230	0.256947427871	0.00414090696006	0.592181381274
53177	0.25669159068	0.00412554432853	0.592838270215
53106	0.256348865386	0.00410803544701	0.593542185911
53042	0.25603992991	0.00409267281548	0.594155007673
52980	0.255740648668	0.00407810090764	0.594732942682
52909	0.255397923374	0.00406194755243	0.595366161048
52850	0.255113123482	0.00404895709194	0.595868942657
52782	0.254784879539	0.00402647794728	0.596899137141
52709	0.254432500012	0.00401382636838	0.597323270098
52635	0.254075293368	0.00399835077632	0.597914371074
52559	0.25370843249	0.00398264926321	0.59851279949
52484	0.25334639873	0.00396977176326	0.598947812889
52408	0.252979537852	0.00395463505278	0.599517256369
52348	0.252689910843	0.00394085386862	0.600080243022
52295	0.252434073652	0.00392616900024	0.600732895281
52240	0.252168582228	0.00391340446081	0.601261452051
52185	0.251903090803	0.00389939735559	0.60186840436
52119	0.251584501093	0.00388561617143	0.602413398523
52057	0.251285219851	0.00387183498726	0.602979162082
51997	0.250995592842	0.00386008709257	0.603430468034
51935	0.2506963116	0.00384743551366	0.603930461073
51874	0.250401857475	0.00383534873738	0.604401878197
51807	0.250078440648	0.00382055090849	0.605016991907
51753	0.24981777634	0.0038071086059	0.605609904512
51685	0.249489532397	0.0037927626191	0.606197440799
51603	0.249093708819	0.00378248321124	0.606466246709
51549	0.248833044511	0.00376983163234	0.607015849839
51478	0.248490319217	0.00375492084291	0.607632290277
51421	0.248215173559	0.0037418174219	0.608201452464
51354	0.247891756733	0.00372837511931	0.608748221906
51287	0.247568339906	0.00371651426409	0.609196084953
51224	0.247264231547	0.00370341084308	0.609744194074
51154	0.24692633337	0.0036908722247	0.610225700243
51098	0.246656014829	0.00367844656685	0.610767134422
51038	0.24636638782	0.00366726347478	0.611211573237
50976	0.246067106578	0.00365619334324	0.611641049638
50919	0.24579196092	0.00364308992223	0.612227966815
50844	0.245429927159	0.0036338271591	0.612482382277
50789	0.245164435734	0.00362151446177	0.613030935799
50727	0.244865154492	0.00360829808024	0.613608322245
50647	0.244478985147	0.0035950816987	0.614104009797
50582	0.244165222554	0.00358491525137	0.614470711145
50524	0.243885249779	0.00357328031719	0.614968901007
50451	0.243532870252	0.00356379163301	0.615256097561
50403	0.243301168645	0.00355147893569	0.615849858876
50338	0.242987406052	0.0035410865673	0.616237788605
50263	0.242625372291	0.00352741834366	0.616799607314
50186	0.242253684297	0.00351691301475	0.617142154452
50130	0.241983365755	0.00350380959374	0.617760141963
50075	0.241717874331	0.00349341722535	0.618202244417
50002	0.241365494804	0.00348268597539	0.618583994161
49952	0.241124138963	0.00347127696227	0.619121985077
49889	0.240820030604	0.00346020683072	0.619577501521
49828	0.240525576478	0.00345128294917	0.619897737027
49766	0.240226295236	0.00344134242289	0.620283930152
49705	0.239931841111	0.00342948156767	0.620808093424
49637	0.239603597167	0.00341773367297	0.62129348003
49574	0.239299488808	0.00340824498879	0.621648734733
49511	0.238995380449	0.00339604525199	0.62219289978
49448	0.23869127209	0.00338350663361	0.622762937494
49392	0.238420953549	0.00337322722575	0.623211446741
49321	0.238078228255	0.00336441630472	0.62348776942
49261	0.237788601246	0.00335379801528	0.623943965244
49185	0.237421740369	0.00334363156795	0.624293964587
49123	0.237122459126	0.00333346512061	0.62471227093
49058	0.236808696534	0.00332081354171	0.625293157948
49001	0.236533550875	0.00331177669963	0.625659163166
48938	0.236229442516	0.00329878623915	0.626278138237
48871	0.23590602569	0.0032903141997	0.626559314863
48817	0.235645361382	0.00328037367342	0.627008489924
48763	0.235384697074	0.00327054610766	0.627451232693
48689	0.23502749043	0.00325970189717	0.627872488587
48637	0.234776480356	0.00324784104195	0.628474330977
48573	0.23446754488	0.00323744867356	0.628915101058
48507	0.234148955171	0.00322344156834	0.629609438885
48459	0.233917253564	0.00321395288416	0.630065920349
48404	0.233651762139	0.00320469012104	0.630473858337
48346	0.233371789364	0.00319497551581	0.630901735613
48296	0.233130433523	0.00318469610795	0.63141105257
48229	0.232807016697	0.00317441670008	0.631840274594
48169	0.232517389688	0.00316357248959	0.632346570397
48107	0.232218108446	0.00315385788436	0.632762045063
48047	0.231928481437	0.00314064150283	0.633447593935
47993	0.23166781713	0.00313013617391	0.633964307887
47934	0.231383017238	0.00312121229236	0.634341295573
47875	0.231098217346	0.00311127176608	0.634795406932
47816	0.230813417454	0.00309602209508	0.635648197384
47744	0.230465865043	0.00308438716091	0.636171034924
47693	0.230219682086	0.00307320406884	0.636764175757
47629	0.22991074661	0.00306416722676	0.637134639823
47562	0.229587329784	0.00305535630574	0.63747486932
47508	0.229326665476	0.00304530281893	0.637973867619
47444	0.22901773	0.00303694374001	0.638297299843
47386	0.228737757225	0.00302801985846	0.638694198835
47336	0.228496401384	0.00301864413481	0.639166070295
47274	0.228197120142	0.00301017209536	0.639511917968
47216	0.227917147367	0.00300158709539	0.639887244538
47152	0.227608211891	0.00299401874015	0.640156400614
47085	0.227284795065	0.00298283564808	0.64069069682
47005	0.22689862572	0.0029728951218	0.641067604981
46947	0.226618652945	0.00296476196393	0.641413796401
46884	0.226314544586	0.00295696768764	0.641710351624
46826	0.226034571811	0.00294759196399	0.642155787164
46763	0.225730463451	0.00293991064822	0.64244597398
46702	0.225436009326	0.0029306478851	0.64287090824
46650	0.225184999252	0.0029219499246	0.643297433705
46588	0.224885718009	0.00291167051674	0.643800784921
46518	0.224547819833	0.00290466696413	0.644008195813
46451	0.224224403006	0.00289517827995	0.644427796507
46391	0.223934775998	0.00288546367472	0.64490164732
46323	0.223606532054	0.00287699163527	0.645239023847
46242	0.223215535593	0.00286908439846	0.645468377047
46177	0.222901773	0.00285982163533	0.645886368087
46108	0.22256870194	0.00285112367483	0.646240959803
46052	0.222298383399	0.0028418609117	0.646706923185
46003	0.222061854675	0.00283112966174	0.647327836096
45946	0.221786709017	0.00281938176704	0.647993794514
45895	0.221540526059	0.00281057084602	0.648454278286
45841	0.221279861751	0.00280255064868	0.648837242219
45763	0.22090334664	0.00279340084607	0.649194234807
45698	0.220589584047	0.00278278255664	0.649737676482
45634	0.220280648571	0.00277397163561	0.650140331382
45573	0.219986194446	0.0027665162409	0.650448161681
45510	0.219682086087	0.00275849604356	0.650793650794
45458	0.219431076013	0.00274889439885	0.651326064218
45396	0.21913179477	0.00274098716204	0.65167023155
45333	0.218827686411	0.0027334188068	0.651982568926
45269	0.218518750935	0.00272528564893	0.652338064702
45214	0.218253259511	0.00271884689895	0.652598761601
45158	0.217982940969	0.00271105262266	0.652968564736
45102	0.217712622428	0.00270111209638	0.653519575738
45030	0.217365070017	0.00269286597798	0.653850063163
44970	0.217075443009	0.00268315137275	0.654366078314
44910	0.216785816	0.00267558301751	0.654702898128
44849	0.216491361874	0.00266790170175	0.655045496371
44805	0.216278968735	0.00266033334651	0.655465504125
44748	0.216003823077	0.00265152242549	0.655927060583
44686	0.215704541834	0.00264237262289	0.656394136138
44625	0.215410087709	0.0026324320966	0.656935918385
44570	0.215144596284	0.00262407301768	0.657374631268
44511	0.214859796392	0.00261560097824	0.657804510389
44435	0.214492935515	0.00260825854405	0.658052573121
44374	0.214198481389	0.00259989946513	0.658465647722
44315	0.213913681497	0.00259074966253	0.658959107807
44242	0.21356130197	0.00258284242571	0.659275485419
44154	0.213136515691	0.00257391854416	0.65960561697
44086	0.212808271747	0.00256465578104	0.660068872586
44036	0.212566915907	0.00255595782054	0.660576331698
43973	0.212262807548	0.00254771170215	0.660979752582
43920	0.212006970357	0.00253867486007	0.661505557731
43863	0.211731824698	0.0025300898601	0.661973106352
43802	0.211437370573	0.00252206966276	0.662372030425
43737	0.21112360798	0.0025148401891	0.662681818182
43669	0.210795364037	0.00250794959701	0.662947275736
43616	0.210539526846	0.00250060716283	0.663330950679
43562	0.210278862538	0.00249326472864	0.663710881555
43505	0.21000371688	0.00248467972867	0.664188333003
43447	0.209723744105	0.00247586880765	0.664682934292
43392	0.20945825268	0.00246762268925	0.665144013367
43318	0.209101046036	0.00245734328139	0.665693385788
43266	0.208850035962	0.00244751571563	0.666317588899
43203	0.208545927603	0.00244062512355	0.6666203768
43139	0.208236992127	0.00243316972884	0.666970732386
43080	0.207952192235	0.00242684393939	0.667244904281
43001	0.207570850007	0.00241893670257	0.667561903283
42948	0.207315012816	0.00241272387364	0.667858864509
42886	0.207015731574	0.00240538143946	0.668214397008
42825	0.206721277448	0.0023981519658	0.668566076028
42767	0.206441304673	0.00238866328162	0.669143992615
42705	0.206142023431	0.00238086900533	0.669546266972
42640	0.205828260838	0.00237284880798	0.669955692424
42583	0.20555311518	0.00236652301853	0.670250106244
42520	0.205249006821	0.00235737321593	0.670778841755
42458	0.204949725578	0.00234969190017	0.671177223794
42408	0.204708369738	0.00234178466335	0.671660938564
42344	0.204399434262	0.00233297374233	0.672158991698
42273	0.204056708968	0.00232698683445	0.672355383074
42221	0.203805698894	0.00231987032132	0.672758851461
42146	0.203443665133	0.00231094643977	0.67321576896
42074	0.203096112723	0.00230428176874	0.673474941175
42012	0.202796831481	0.00229558380824	0.673982096448
41951	0.202502377355	0.00228824137405	0.674366640947
41906	0.202285157099	0.0022814637425	0.67478221664
41838	0.201956913155	0.00227434722936	0.675111340605
41772	0.201638323446	0.00226734367675	0.675441433284
41713	0.201353523554	0.00225898459783	0.675941080196
41649	0.201044588078	0.00225141624259	0.676339720689
41606	0.200837022055	0.00224339604525	0.676894543325
41542	0.200528086579	0.0022366184137	0.677219523328
41480	0.200228805337	0.00223074446635	0.677467825178
41412	0.199900561394	0.002224870519	0.677685409439
41349	0.199596453035	0.00221786696639	0.67804142138
41286	0.199292344675	0.00221176709799	0.67830972957
41213	0.198939965148	0.00220453762433	0.678637883054
41155	0.198659992373	0.00219843775593	0.678934952241
41093	0.198360711131	0.00219199900595	0.679245594896
41039	0.198100046823	0.0021861250586	0.679543648165
40973	0.197781457113	0.00217946038757	0.679857965387
40906	0.197458040287	0.00217211795338	0.680236135362
40833	0.19710566076	0.00216341999288	0.680720180045
40766	0.196782243934	0.0021565294008	0.681056518035
40707	0.196497444042	0.00214975176924	0.681425558271
40655	0.196246433967	0.0021438778219	0.681741959285
40591	0.195937498492	0.00213653538771	0.682144357617
40530	0.195643044366	0.002129079993	0.682576038263
40467	0.195338936007	0.00212241532197	0.6829181855
40407	0.195049308998	0.00211552472988	0.68330092162
40329	0.194672793887	0.00210931190096	0.683519202739
40262	0.194349377061	0.00210411571676	0.683693049636
40194	0.194021133117	0.00209801584836	0.683955281025
40141	0.193765295926	0.00209123821681	0.684369352474
40085	0.193494977385	0.00208502538788	0.68471038382
40018	0.193171560559	0.00207768295369	0.685110681207
39949	0.192838489499	0.00207237380897	0.685290333648
39875	0.192481282855	0.00206480545373	0.685679402965
39814	0.192186828729	0.00205712413797	0.686152520465
39735	0.191805486501	0.00204955578273	0.686518426372
39657	0.19142897139	0.00204277815118	0.686808333766
39587	0.191091073213	0.00203645236172	0.687095374468
39507	0.190704903868	0.00202944880911	0.687401040489
39438	0.190371832808	0.00202233229598	0.687780122425
39375	0.190067724449	0.00201510282232	0.688205683924
39297	0.189691209338	0.00200809926971	0.688527175246
39226	0.189348484044	0.00200086979605	0.688912696043
39161	0.189034721451	0.00199273663818	0.68942994965
39087	0.188677514807	0.00198460348031	0.68990045185
39025	0.188378233565	0.00197590551982	0.690500203479
38964	0.188083779439	0.00196935380931	0.690875562963
38908	0.187813460898	0.0019618984146	0.691378207406
38838	0.187475562721	0.00195534670409	0.691707629835
38762	0.187108701843	0.00194856907254	0.692030279226
38698	0.186799766368	0.00194235624361	0.69235861378
38632	0.186481176658	0.00193422308574	0.692888530177
38574	0.186201203883	0.00192586400682	0.693490103015
38494	0.185815034538	0.00191942525684	0.693760588256
38412	0.185419210959	0.00191355130949	0.693958664547
38341	0.185076485666	0.00190858104635	0.694118073031
38265	0.184709624788	0.00189954420428	0.69470416296
38194	0.184366899495	0.00189287953325	0.695055594985
38120	0.184009692851	0.00188531117801	0.69549352308
38051	0.183676621791	0.0018787594675	0.695846972551
37965	0.183261489745	0.00187254663858	0.696069084375
37885	0.1828753204	0.00186576900702	0.696389838609
37826	0.182590520508	0.00185887841494	0.696842415534
37759	0.182267103682	0.00185277854654	0.697162164657
37693	0.181948513972	0.00184498427025	0.697682597268
37633	0.181658886963	0.00183764183606	0.698187417673
37575	0.181378914188	0.00183221973082	0.698484989311
37501	0.181021707544	0.00182521617821	0.698876236978
37429	0.180674155134	0.00181843854665	0.6992545818
37363	0.180355565424	0.00181064427036	0.699786484867
37304	0.180070765532	0.00180273703354	0.700373617708
37243	0.179776311407	0.00179697604672	0.700701774191
37170	0.17942393188	0.00178952065201	0.701162001056
37096	0.179066725236	0.00178195229677	0.701632274782
37018	0.178690210124	0.00177348025732	0.702189005653
36944	0.17833300348	0.0017651211784	0.702758227126
36876	0.178004759537	0.00175664913896	0.703378030404
36813	0.177700651178	0.0017494196653	0.703881453155
36737	0.1773337903	0.00174320683637	0.70419214476
36652	0.176923485371	0.00173733288902	0.704412669127
36585	0.176600068545	0.00172908677063	0.705021968704
36514	0.176257343251	0.00172016288908	0.705693633798
36438	0.175890482374	0.00171349821805	0.706067006414
36352	0.175475350328	0.00170570394176	0.706522584156
36280	0.175127797918	0.00169802262599	0.707047084503
36200	0.174741628573	0.00169056723128	0.707501074933
36129	0.174398903279	0.00168265999446	0.708064674179
36055	0.174041696635	0.00167678604712	0.708363622075
35975	0.17365552729	0.00166876584977	0.70889493182
35900	0.173293493529	0.00166198821822	0.709303933772
35813	0.172873534367	0.0016571309156	0.709407127152
35733	0.172487365022	0.00164978848142	0.709861337359
35645	0.172062578742	0.00164210716565	0.710314455382
35571	0.171705372098	0.00163555545515	0.710709290709
35488	0.171304721403	0.00162787413938	0.711196617167
35416	0.170957168993	0.00162154834993	0.711579031966
35343	0.170604789465	0.00161465775785	0.712029332957
35268	0.170242755704	0.00160776716576	0.712470455142
35188	0.16985658636	0.00159873032369	0.713159441438
35115	0.169504206832	0.00159116196845	0.713705005996
35028	0.16908424767	0.00158302881058	0.714244932915
34932	0.168620844456	0.00157523453429	0.714691981914
34850	0.168225020877	0.00156687545537	0.715297305064
34762	0.167800234598	0.00155953302119	0.71573875803
34662	0.167317522917	0.00155320723173	0.715979509213
34571	0.166878255287	0.00154563887649	0.716438015501
34487	0.166472777475	0.00153727979757	0.717045076514
34412	0.166110743714	0.00152982440286	0.717589406735
34330	0.165714920135	0.00152293381078	0.718020580607
34227	0.165217727104	0.00151547841607	0.718405641962
34138	0.164788113708	0.00150870078451	0.718785530804
34052	0.164372981662	0.0015012453898	0.719276752144
33977	0.164010947901	0.00149356407403	0.719866946334
33890	0.163590988738	0.00148588275827	0.720389422668
33804	0.163175856693	0.00147786256093	0.720967432337
33702	0.162683490778	0.00147232749516	0.721114344403
33605	0.162215260447	0.00146588874518	0.721415997596
33517	0.161790474168	0.00145843335047	0.721913500474
33437	0.161404304823	0.00144962242944	0.72264966501
33321	0.160844359273	0.00144148927157	0.72308059546
33221	0.160361647592	0.00142906361372	0.724210847576
33123	0.159888590144	0.00142104341638	0.72474454631
33046	0.15951690215	0.00141336210061	0.725361078186
32951	0.159058326052	0.00140443821906	0.726048827781
32862	0.158628712656	0.00139528841646	0.726810280002
32739	0.158034977288	0.00138749414017	0.727177824175
32630	0.157508821556	0.00137868321915	0.727779636445
32538	0.157064726809	0.00136896861392	0.728620373066
32454	0.156659248997	0.00136072249552	0.729303370787
32359	0.1562006729	0.00135315414029	0.729825431909
32261	0.155727615453	0.00134434321926	0.730514922331
32160	0.155240076655	0.00133835631139	0.730776222505
32047	0.154694612455	0.00132954539036	0.731382796631
31955	0.154250517708	0.00132310664038	0.73177154896
31848	0.153734016209	0.00131689381146	0.732036960419
31759	0.153304402813	0.00130909953517	0.732652025468
31665	0.152850653833	0.00130085341677	0.733308631111
31550	0.1522955354	0.00129204249575	0.73392574672
31450	0.151812823719	0.0012835704563	0.734589960993
31328	0.151223915468	0.00127622802212	0.734950499695
31247	0.150832919006	0.00126820782478	0.735673588548
31148	0.150355034441	0.00126154315374	0.73608091502
31056	0.149910939695	0.00125453960114	0.736587448413
30952	0.149408919546	0.00124527683801	0.737373737374
30860	0.1489648248	0.00123838624593	0.737871506109
30760	0.148482113119	0.00123093085121	0.738411311424
30644	0.147922167569	0.00122324953545	0.738890362404
30549	0.147463591471	0.00121376085127	0.739792705962
30442	0.146947089973	0.00120653137761	0.740267003866
30343	0.146469205408	0.00119975374605	0.740723562152
30238	0.145962358143	0.00119184650924	0.74132731864
30132	0.145450683761	0.00118405223295	0.741911656079
30027	0.144943836496	0.00117614499613	0.742525779569
29924	0.144446643464	0.00116925440405	0.742991930478
29813	0.143910833498	0.00116191196986	0.743484874935
29711	0.143418467583	0.00115648986462	0.74372324714
29597	0.142868176267	0.00115061591727	0.743960988362
29494	0.142370983235	0.00114124019361	0.744854408162
29382	0.141830346153	0.00113321999627	0.745471152382
29259	0.141236610785	0.00112497387788	0.746060482432
29154	0.14072976352	0.00111876104895	0.74642838855
29025	0.140107065451	0.00111119269371	0.746873552571
28916	0.139580909718	0.00110339841742	0.747492503361
28799	0.139016137052	0.00109583006218	0.748025974026
28671	0.1383982661	0.00108645433853	0.748805139857
28564	0.137881764601	0.00107866006224	0.749455566342
28432	0.137244585182	0.001071091707	0.749907685815
28297	0.136592924412	0.00106341039124	0.750364615099
28169	0.13597505346	0.00105313098338	0.751333617838
28049	0.135395799443	0.00104341637815	0.752266266159
27914	0.134744138673	0.00103528322028	0.752825049219
27795	0.134169711773	0.00102466493084	0.753946725981
27667	0.133551840821	0.00101800025981	0.754300826086
27533	0.132905007168	0.00101043190457	0.754783705247
27390	0.132214729464	0.00100162098355	0.755440328764
27259	0.131582377162	0.000992810062524	0.756186196183
27129	0.130954851976	0.000983660259922	0.757010910511
26982	0.130245265805	0.000975978944158	0.757453259222
26866	0.129685320255	0.000967168023134	0.758326747206
26739	0.12907227642	0.000958131181059	0.759177763266
26606	0.128430269884	0.000948642496879	0.760084561764
26469	0.127768954881	0.000940170457434	0.760778339848
26322	0.12705936871	0.000933053944299	0.761147417732
26174	0.126344955422	0.000922548615386	0.762179319181
26013	0.125567789615	0.000912946970681	0.762956445227
25879	0.124920955962	0.000902554602294	0.764091056719
25715	0.124129308805	0.000888660457603	0.765737597522
25546	0.123313526064	0.000879171773424	0.766479642354
25395	0.122584631425	0.000872055260289	0.76687301827
25232	0.121797811385	0.00086313137874	0.76756000365
25083	0.12107857098	0.000852964931405	0.76861555433
24919	0.120286923823	0.00084279848407	0.769579987647
24751	0.119475968199	0.000831389470949	0.770795054654
24581	0.118655358341	0.000822126707822	0.771555918265
24402	0.117791304432	0.00081049177365	0.772777654622
24252	0.11706723691	0.000801454931574	0.77366255144
24085	0.116261108403	0.000786770063201	0.775684380032
23905	0.115392227377	0.0007776202606	0.776413654227
23730	0.114547481935	0.00076621124748	0.777701307639
23549	0.113673773792	0.000754915194885	0.778942842022
23376	0.112838682583	0.00074418394492	0.780136163396
23188	0.111931184623	0.000735711905475	0.780714454059
22971	0.110883700275	0.000726900984451	0.781167108753
22781	0.10996654808	0.000716960458168	0.782099697885
22601	0.109097667054	0.000707019931885	0.783125433125
22434	0.108291538547	0.000698660852965	0.783884831755
22237	0.107340596535	0.000687703681948	0.78506619594
22044	0.10640896299	0.000678779800399	0.785798310341
21868	0.105559390432	0.000667709668856	0.787213362612
21658	0.104545695901	0.000654606247847	0.78891195862
21432	0.103454767502	0.000643423155778	0.790032438809
21191	0.10229143235	0.000633482629495	0.79073846039
20965	0.101200503951	0.000621282892693	0.792178348763
20733	0.100080612851	0.000610438682203	0.793243294946
20486	0.0988883149983	0.000597561182245	0.794770328988
20222	0.0976139561601	0.000584118879658	0.796361201906
19982	0.0964554481254	0.000571919142856	0.797843881014
19710	0.0951424723527	0.000559606445528	0.799140447616
19443	0.093853632164	0.000547067827148	0.800584699004
19160	0.0924875581064	0.000532495919301	0.802546703527
18869	0.0910828671143	0.000517133287773	0.804751140871
18590	0.0897361015239	0.000504142827289	0.806402637401
18254	0.0881141902753	0.000491491248383	0.807520460075
17947	0.0866322654142	0.000473530524758	0.810650887574
17578	0.0848510593108	0.0004606530248	0.811691909863
17207	0.0830601989738	0.000445855195902	0.81341590243
16827	0.0812258945854	0.000429362959114	0.815735892961
16438	0.0793481461458	0.000412870722326	0.818095854278
16025	0.0773545469027	0.000396265525012	0.820406491578
15583	0.075220961272	0.000378982564543	0.822842961242
15096	0.0728701553849	0.00036124776197	0.825188586422
14587	0.0704131529279	0.000343174077819	0.827631205674
14078	0.0679561504709	0.00032419670946	0.830658484777
13468	0.0650116092159	0.000303524933212	0.833673785206
12869	0.0621201662459	0.000282175393809	0.837443873235
12134	0.0585722353895	0.000259470328094	0.840828771395
11363	0.0548505283279	0.00023145611766	0.84722636445
10499	0.0506798994029	0.000203780788803	0.853369096968
9423	0.0454859217138	0.00017045743365	0.861964873765
8177	0.0394713341668	0.000140522894275	0.867954569579
6213	0.0299908767492	9.53386838969e-05	0.880402437296
0.726952551485
